1.508551350241944e-6;45.53955807329781
1.5087554066771794e-6;45.42949848814179
1.5089593281001014e-6;45.581683658698964
1.509163114530234e-6;45.53312488900241
1.5093667659871016e-6;45.818700474798916
1.5095702824902312e-6;45.811301057189056
1.5097736640591501e-6;45.87070834950251
1.5099769107133864e-6;45.697366456612166
1.5101800224724715e-6;45.92132326020115
1.5103829993559366e-6;46.05013982101039
1.5105858413833165e-6;46.08065822764342
1.5107885485741454e-6;46.060372331734996
1.5109911209479626e-6;46.047011403280024
1.5111935585243066e-6;46.13492978211986
1.5113958613227206e-6;46.15897470449012
1.5115980293627476e-6;46.203547093728325
1.5118000626639354e-6;46.24034446438023
1.5120019612458334e-6;46.26504608459312
1.5122037251279936e-6;46.27580902025027
1.5124053543299713e-6;46.23032088852036
1.5126068488713244e-6;46.18435126515527
1.5128082087716143e-6;46.30519402858194
1.5130094340504043e-6;46.32477538541778
1.5132105247272634e-6;46.270482138332525
1.5134114808217616e-6;46.2769350238866
1.5136123023534748e-6;46.2919545748789
1.5138129893419809e-6;46.25415352154408
1.514013541806861e-6;46.26966203780956
1.5142139597677028e-6;46.234663833701305
1.514414243244096e-6;46.22317660833844
1.5146143922556343e-6;46.18058561513286
1.5148144068219172e-6;46.20573253741293
1.5150142869625473e-6;46.20770889641766
1.5152140326971327e-6;46.182155032794164
1.5154136440452854e-6;46.130803468442195
1.5156131210266225e-6;46.077873189927246
1.5158124636607657e-6;46.028518564001416
1.5160116719673428e-6;45.984074586221965
1.5162107459659853e-6;45.983855599492436
1.5164096856763303e-6;45.926873917661624
1.5166084911180218e-6;45.83357494902508
1.516807162310707e-6;45.75453422567347
1.5170056992740404e-6;45.70496239039667
1.5172041020276814e-6;45.55215405126073
1.517402370591296e-6;45.53166699496046
1.5176005049845553e-6;45.46443948968807
1.517798505227137e-6;45.341530741850626
1.5179963713387255e-6;45.23928468273403
1.5181941033390106e-6;45.091621835089704
1.5183917012476894e-6;44.96015839089863
1.518589165084465e-6;44.957940197748684
1.5187864948690472e-6;44.80050082650437
1.5189836906211537e-6;44.76686742945645
1.5191807523605074e-6;44.6122832178055
1.51937768010684e-6;44.535935099205204
1.519574473879889e-6;44.53180689702094
1.5197711336994007e-6;44.407989209437126
1.5199676595851273e-6;44.270314524516564
1.5201640515568293e-6;44.21538119690085
1.5203603096342754e-6;44.17405256843686
1.5205564338372405e-6;44.06216467853261
1.5207524241855103e-6;44.027770696103474
1.5209482806988747e-6;43.95134107477812
1.5211440033971352e-6;43.87033701282363
1.5213395923000995e-6;43.81908906005798
1.521535047427585e-6;43.77142266659079
1.5217303687994168e-6;43.70993933514744
1.5219255564354285e-6;43.65937022823617
1.5221206103554633e-6;43.62576712460539
1.5223155305793727e-6;43.642507312459756
1.5225103171270175e-6;43.550298563570465
1.5227049700182678e-6;43.57363030615143
1.5228994892730021e-6;43.537431707539355
1.523093874911109e-6;43.58030076576958
1.5232881269524869e-6;43.5276119172383
1.5234822454170426e-6;43.56618541969091
1.5236762303246943e-6;43.51467757109761
1.5238700816953689e-6;43.60706989248737
1.524063799549003e-6;43.61973237465661
1.5242573839055443e-6;43.629722876920674
1.5244508347849504e-6;43.62105319293774
1.5246441522071892e-6;43.61368922743597
1.5248373361922387e-6;43.684914294158105
1.525030386760088e-6;43.74363357525028
1.5252233039307367e-6;43.73757685249247
1.5254160877241952e-6;43.83402410491816
1.5256087381604852e-6;43.832047711486474
1.5258012552596385e-6;43.89272429175553
1.525993639041699e-6;43.873720270198106
1.5261858895267224e-6;43.92257161341674
1.5263780067347741e-6;43.93943539315575
1.5265699906859325e-6;44.024505388513646
1.5267618414002871e-6;43.99985056102451
1.5269535588979399e-6;43.984261463054835
1.5271451431990035e-6;44.03703766212908
1.5273365943236034e-6;44.057731013733566
1.5275279122918778e-6;44.11417661539068
1.527719097123976e-6;44.115860384193624
1.5279101488400604e-6;44.16623867384183
1.5281010674603054e-6;44.16723697546735
1.5282918530048993e-6;44.164407857979
1.5284825054940407e-6;44.163075870598824
1.5286730249479445e-6;44.18019405728941
1.5288634113868357e-6;44.20813581825679
1.5290536648309535e-6;44.192120226230756
1.5292437853005506e-6;44.11973057685323
1.5294337728158929e-6;44.12578135431272
1.5296236273972601e-6;44.05875456896315
1.5298133490649435e-6;44.08782494404144
1.5300029378392516e-6;44.11282913017384
1.5301923937405042e-6;44.00227051043902
1.5303817167890355e-6;43.94101302040045
1.530570907005194e-6;43.89892255442063
1.5307599644093431e-6;43.870693269320206
1.5309488890218603e-6;43.83474257050051
1.5311376808631356e-6;43.754807146185726
1.5313263399535763e-6;43.6655369287421
1.5315148663136034e-6;43.61331125138534
1.531703259963652e-6;43.525683861793084
1.5318915209241727e-6;43.48616352738332
1.532079649215632e-6;43.36079309437668
1.5322676448585101e-6;43.25371969396705
1.5324555078733033e-6;43.14267598628723
1.5326432382805234e-6;43.070893650486155
1.5328308361006974e-6;42.97300812771479
1.533018301354368e-6;42.81374302355047
1.533205634062094e-6;42.73949892550008
1.53339283424445e-6;42.60929583529925
1.5335799019220263e-6;42.47039880429746
1.53376683711543e-6;42.37468333249569
1.533953639845284e-6;42.2816928953985
1.5341403101322265e-6;42.18614269745095
1.534326847996915e-6;42.04933522354145
1.5345132534600217e-6;41.92149125018534
1.5346995265422352e-6;41.77161199726047
1.5348856672642625e-6;41.729530275463546
1.5350716756468259e-6;41.63310488963687
1.5352575517106664e-6;41.582418379808736
1.5354432954765413e-6;41.45569297792989
1.5356289069652252e-6;41.369424127753675
1.5358143861975106e-6;41.364351704583825
1.5359997331942073e-6;41.39438274158168
1.5361849479761436e-6;41.37575633682041
1.5363700305641643e-6;41.348462089247704
1.5365549809791339e-6;41.3132989404281
1.5367397992419324e-6;41.43295907124072
1.5369244853734609e-6;41.4345199902163
1.5371090393946375e-6;41.55001836231253
1.537293461326398e-6;41.57940055964767
1.5374777511896983e-6;41.63578765188774
1.5376619090055115e-6;41.732737014525796
1.5378459347948306e-6;41.881406987888646
1.5380298285786676e-6;41.98767021009409
1.5382135903780525e-6;42.178259808998526
1.5383972202140353e-6;42.27295250391711
1.5385807181076851e-6;42.38798562713917
1.538764084080091e-6;42.561402266345326
1.5389473181523602e-6;42.6911582689512
1.5391304203456208e-6;42.80510079703276
1.5393133906810199e-6;43.008127941181165
1.5394962291797256e-6;43.0693944215854
1.5396789358629254e-6;43.275836874811795
1.539861510751826e-6;43.38456493604605
1.5400439538676556e-6;43.501316738725386
1.5402262652316624e-6;43.64475948787014
1.5404084448651159e-6;43.79486813717274
1.5405904927893044e-6;43.88367667157301
1.540772409025538e-6;43.98287305357401
1.5409541935951488e-6;44.14488672236952
1.5411358465194874e-6;44.24881636631067
1.5413173678199276e-6;44.3207092726408
1.5414987575178635e-6;44.39585300777564
1.5416800156347108e-6;44.56775838007211
1.5418611421919068e-6;44.64310665925887
1.54204213721091e-6;44.80811511500964
1.5422230007132003e-6;44.80050082650437
1.5424037327202815e-6;44.89466281303129
1.5425843332536763e-6;45.00291375841059
1.5427648023349315e-6;45.10946948672973
1.5429451399856158e-6;45.1473364934416
1.5431253462273196e-6;45.17842238320856
1.543305421081657e-6;45.272044189870584
1.5434853645702626e-6;45.33072660048813
1.5436651767147959e-6;45.37252254250707
1.5438448575369381e-6;45.37466481080311
1.544024407058393e-6;45.327543789924974
1.544203825300888e-6;45.32397627065692
1.5443831122861734e-6;45.34825386253692
1.5445622680360232e-6;45.32907183010459
1.544741292572235e-6;45.438570500705914
1.5449201859166286e-6;45.35610545908793
1.5450989480910493e-6;45.29147919800827
1.5452775791173635e-6;45.23915470698113
1.545456079017465e-6;45.25070734291675
1.545634447813269e-6;45.19013748840418
1.545812685526716e-6;45.09229412797779
1.5459907921797698e-6;45.10759423680186
1.5461687677944193e-6;44.89480351850566
1.5463466123926777e-6;44.863312811846654
1.5465243259965836e-6;44.75627611441081
1.546701908628199e-6;44.77034387136234
1.5468793603096113e-6;44.60732508891673
1.5470566810629336e-6;44.50557009418329
1.547233870910302e-6;44.35175215544276
1.5474109298738813e-6;44.249632632607415
1.5475878579758583e-6;44.13350065548239
1.5477646552384468e-6;44.054146669518644
1.5479413216838863e-6;43.916054508861826
1.5481178573344411e-6;43.733350499545686
1.5482942622124024e-6;43.59626819150351
1.5484705363400864e-6;43.40364784402067
1.5486466797398364e-6;43.32256624164205
1.5488226924340212e-6;43.14646564169264
1.5489985744450356e-6;42.92366846636226
1.549174325795302e-6;42.651009662219366
1.5493499465072675e-6;42.45537342935994
1.5495254366034086e-6;42.24973090428833
1.5497007961062248e-6;42.13730203854841
1.5498760250382466e-6;41.8395278626658
1.5500511234220287e-6;41.58844773634988
1.5502260912801543e-6;41.29012793126036
1.550400928635233e-6;41.04111379698969
1.5505756355099025e-6;40.773679052841565
1.5507502119268287e-6;40.56752440567439
1.5509246579087025e-6;40.199881595912856
1.5510989734782452e-6;39.90383258906233
1.5512731586582055e-6;39.530344572503566
1.5514472134713585e-6;39.29061124084765
1.55162113794051e-6;39.08055874098767
1.5517949320884916e-6;38.8075644451021
1.551968595938165e-6;38.472641017707645
1.552142129512419e-6;38.161749904288016
1.5523155328341726e-6;37.92111409087168
1.5524888059263717e-6;37.66635886310267
1.552661948811992e-6;37.44214724814166
1.5528349615140398e-6;37.23701893991268
1.5530078440555468e-6;37.01136066092526
1.5531805964595773e-6;36.82956926301208
1.5533532187492226e-6;36.67266119382275
1.5535257109476055e-6;36.6247450375031
1.5536980730778766e-6;36.57055852857104
1.5538703051632173e-6;36.528263025610045
1.554042407226838e-6;36.53309012938479
1.55421437929198e-6;36.56577291396114
1.5543862213819142e-6;36.66237095895804
1.5545579335199415e-6;36.877072796248186
1.5547295157293927e-6;37.00876708376904
1.5549009680336306e-6;37.11891549880579
1.5550722904560464e-6;37.29407796963068
1.5552434830200637e-6;37.573200965466725
1.555414545749136e-6;37.801011914679115
1.5555854786667486e-6;38.07467375684278
1.5557562817964163e-6;38.24125833916549
1.5559269551616864e-6;38.474492624991726
1.5560974987861375e-6;38.67938650890785
1.5562679126933777e-6;38.964711004792775
1.556438196907049e-6;39.19601023784111
1.5566083514508244e-6;39.48021533141103
1.5567783763484073e-6;39.64401071162732
1.5569482716235346e-6;39.87889609997745
1.5571180372999746e-6;40.065088277752906
1.5572876734015277e-6;40.35309640156801
1.5574571799520258e-6;40.56065929431753
1.5576265569753346e-6;40.79072658853185
1.5577958044953514e-6;40.90822163394656
1.5579649225360064e-6;41.05203515710342
1.5581339111212615e-6;41.225107706103195
1.558302770275114e-6;41.48972634509205
1.558471500021591e-6;41.6542240081457
1.558640100384755e-6;41.85457157401926
1.5588085713887e-6;41.902196077110546
1.5589769130575549e-6;42.01724770116379
1.5591451254154812e-6;42.13491193830335
1.5593132084866743e-6;42.27603935696588
1.5594811622953628e-6;42.46818521210052
1.5596489868658094e-6;42.575825875813806
1.559816682222311e-6;42.62498551014768
1.5599842483891978e-6;42.65808017686357
1.560151685390835e-6;42.760479932968636
1.5603189932516225e-6;42.90301787305674
1.5604861719959922e-6;43.00269314530357
1.5606532216484136e-6;43.14983145039123
1.5608201422333889e-6;43.11605540054468
1.5609869337754558e-6;43.13213178178013
1.5611535962991862e-6;43.16222037426815
1.5613201298291886e-6;43.25987466214442
1.5614865343901047e-6;43.32115143703462
1.5616528100066131e-6;43.3978920494825
1.5618189567034259e-6;43.35959106148248
1.561984974505293e-6;43.34152052992287
1.5621508634369983e-6;43.3443364445948
1.5623166235233619e-6;43.30981637700822
1.5624822547892395e-6;43.37379383695819
1.5626477572595237e-6;43.41988169048189
1.562813130959142e-6;43.421264699557256
1.5629783759130595e-6;43.375191598469755
1.5631434921462755e-6;43.25577231940418
1.5633084796838284e-6;43.206031977596204
1.563473338550791e-6;43.2166055684867
1.5636380687722742e-6;43.24673350189245
1.5638026703734252e-6;43.25454086056255
1.5639671433794279e-6;43.148148872107214
1.5641314878155046e-6;43.00552008792885
1.564295703706912e-6;42.906132849749866
1.5644597910789477e-6;42.84611182369772
1.5646237499569438e-6;42.81646857867514
1.5647875803662717e-6;42.768293053433894
1.564951282332339e-6;42.6651391990912
1.5651148558805929e-6;42.50175948083925
1.5652783010365177e-6;42.35604189339838
1.5654416178256345e-6;42.227944811137064
1.565604806273505e-6;42.11280767964129
1.5657678664057269e-6;42.01479058946089
1.565930798247938e-6;41.89799010639827
1.5660936018258132e-6;41.72982189505869
1.5662562771650673e-6;41.557913523576175
1.5664188242914533e-6;41.30172888892535
1.5665812432307625e-6;41.14344054609816
1.5667435340088268e-6;40.94016681120422
1.5669056966515154e-6;40.80914958856625
1.567067731184738e-6;40.655050230983896
1.5672296376344438e-6;40.449315461491594
1.5673914160266201e-6;40.14604533436051
1.5675530663872946e-6;39.899390132845355
1.5677145887425362e-6;39.603280505301434
1.5678759831184509e-6;39.3881982502621
1.5680372495411858e-6;39.155053617543764
1.5681983880369302e-6;38.943714538562375
1.5683593986319099e-6;38.599784416420206
1.5685202813523937e-6;38.27110687466011
1.5686810362246905e-6;37.85685668280901
1.5688416632751484e-6;37.49813585292938
1.569002162530158e-6;37.197454925295766
1.5691625340161495e-6;36.81512586638962
1.5693227777595943e-6;36.38988159343682
1.5694828937870055e-6;36.028193424327
1.5696428821249366e-6;35.651391519697896
1.5698027427999824e-6;35.138831856110926
1.5699624758387796e-6;34.714384073892994
1.5701220812680067e-6;34.15140352195873
1.5702815591143833e-6;33.63235804483694
1.5704409094046705e-6;33.209766773428235
1.5706001321656721e-6;32.64581729238078
1.5707592274242336e-6;31.972805581256193
1.5709181952072424e-6;31.604685311190373
1.5710770355416285e-6;30.982975364946977
1.5712357484543643e-6;30.689276116820714
1.5713943339724647e-6;30.38620161949703
1.5715527921229866e-6;30.253058652647702
1.5717111229330316e-6;29.9563519459755
1.5718693264297412e-6;30.141003215196207
1.5720274026403025e-6;29.469432706978257
1.5721853515919444e-6;30.170333392987803
1.5723431733119393e-6;30.141003215196207
1.572500867827603e-6;30.457140589408674
1.5726584351662955e-6;30.74450718954591
1.5728158753554185e-6;31.235249809427323
1.57297318842242e-6;31.838390370564213
1.5731303743947892e-6;32.47727832909723
1.5732874333000617e-6;32.975416678181595
1.5734443651658151e-6;33.592661646067484
1.573601170019673e-6;34.050046650503695
1.5737578478893024e-6;34.51632947456991
1.573914398802414e-6;34.8826861549546
1.574070822786765e-6;35.535189401489696
1.5742271198701552e-6;36.04442066260723
1.574383290080431e-6;36.535019469629326
1.5745393334454828e-6;36.967930850817446
1.5746952499932465e-6;37.38304793074105
1.5748510397517025e-6;37.722483399718534
1.5750067027488768e-6;38.081434257614916
1.5751622390128407e-6;38.48250714677042
1.575317648571712e-6;38.773137433122386
1.5754729314536534e-6;39.211660506377385
1.575628087686873e-6;39.50608224784231
1.5757831172996249e-6;39.90027898770295
1.5759380203202105e-6;40.2428037604708
1.5760927967769759e-6;40.511525224473814
1.5762474466983137e-6;40.67108069059565
1.5764019701126632e-6;40.93666782227903
1.5765563670485107e-6;41.15077716659581
1.5767106375343878e-6;41.369424127753675
1.5768647815988745e-6;41.624150361064466
1.5770187992705961e-6;41.83839037056421
1.5771726905782257e-6;42.11360859155118
1.577326455550484e-6;42.37367773021761
1.5774800942161371e-6;42.473594224689364
1.5776336066040009e-6;42.70865088739779
1.577786992742937e-6;42.83617786365643
1.5779402526618553e-6;42.97015993577781
1.5780933863897136e-6;43.09161557904644
1.5782463939555163e-6;43.25474612795331
1.5783992753883176e-6;43.45746103386169
1.5785520307172189e-6;43.68788776841114
1.5787046599713692e-6;43.82161182795875
1.5788571631799665e-6;43.96495752197566
1.5790095403722567e-6;44.01779521353841
1.5791617915775361e-6;44.04354702725426
1.5793139168251472e-6;44.11636538756469
1.5794659161444825e-6;44.21965688225113
1.5796177895649836e-6;44.370684704281615
1.5797695371161405e-6;44.49277790579156
1.5799211588274927e-6;44.59980197031737
1.5800726547286296e-6;44.706015737896585
1.5802240248491893e-6;44.78508778206304
1.5803752692188588e-6;44.847979243318846
1.5805263878673762e-6;44.880992668944046
1.5806773808245288e-6;44.88719889189166
1.5808282481201533e-6;44.93513815566644
1.580978989784137e-6;44.933743907101054
1.5811296058464166e-6;45.01278409179335
1.5812800963369813e-6;45.167336366163866
1.581430461285867e-6;45.254724089362256
1.5815807007231627e-6;45.38045624409143
1.5817308146790074e-6;45.372648587545434
1.5818808031835918e-6;45.39226695042995
1.5820306662671552e-6;45.329835648629626
1.5821804039599893e-6;45.24435070535051
1.5823300162924382e-6;45.36646807458353
1.582479503294894e-6;45.3370852323986
1.582628864997803e-6;45.41217180997805
1.5827781014316613e-6;45.44613671662172
1.582927212627018e-6;45.439191178533356
1.5830761986144724e-6;45.42663625238801
1.5832250594246772e-6;45.49224033604838
1.5833737950883352e-6;45.40829814111079
1.5835224056362027e-6;45.30865362221246
1.5836708910990882e-6;45.333271170544236
1.5838192515078513e-6;45.319385149847456
1.5839674868934057e-6;45.34165768956608
1.584115597286716e-6;45.386868166045005
1.5842635827188003e-6;45.38950562014361
1.5844114432207304e-6;45.29853662122881
1.5845591788236288e-6;45.28736777724652
1.5847067895586727e-6;45.18737609731275
1.5848542754570925e-6;45.04049276748714
1.5850016365501713e-6;45.02235879055773
1.5851488728692454e-6;44.9590494359436
1.585295984445705e-6;44.972061807039545
1.585442971310995e-6;45.04049276748714
1.5855898334966112e-6;44.88085151529752
1.5857365710341065e-6;44.84499141895491
1.5858831839550856e-6;44.83858200805915
1.5860296722912082e-6;44.66763851597166
1.5861760360741883e-6;44.56244535161569
1.5863222753357948e-6;44.48118620292148
1.5864683901078492e-6;44.47095984841377
1.5866143804222295e-6;44.46381812222442
1.5867602463108672e-6;44.41962070088528
1.58690598780575e-6;44.33945755538029
1.5870516049389195e-6;44.25305927670319
1.5871970977424722e-6;44.08426536141335
1.587342466248561e-6;43.983567313797536
1.5874877104893933e-6;43.93890939002799
1.5876328304972316e-6;43.81908906005798
1.5877778263043947e-6;43.681380647235464
1.587922697943257e-6;43.59683737236352
1.588067445446249e-6;43.49452375949913
1.5882120688458554e-6;43.4409740359441
1.5883565681746198e-6;43.28664961441525
1.58850094346514e-6;43.18501584158787
1.58864519475007e-6;43.070893650486155
1.5887893220621213e-6;42.924554465206356
1.5889333254340616e-6;42.76553708624313
1.5890772048987151e-6;42.648886261206194
1.5892209604889622e-6;42.61358046194125
1.5893645922377419e-6;42.51735530437842
1.5895081001780482e-6;42.38798562713917
1.5896514843429333e-6;42.262389170759846
1.5897947447655069e-6;42.12879792163402
1.5899378814789358e-6;41.94958122206587
1.5900808945164438e-6;41.851737123573365
1.5902237839113137e-6;41.670217957902565
1.5903665496968847e-6;41.58332331708981
1.5905091919065538e-6;41.4404463711095
1.5906517105737772e-6;41.381447441794876
1.5907941057320692e-6;41.25090713082634
1.590936377415e-6;41.17635817389494
1.5910785256562011e-6;41.02947968005374
1.5912205504893615e-6;40.863598306747484
1.5913624519482273e-6;40.71624298539752
1.5915042300666058e-6;40.61979947074878
1.591645884878361e-6;40.46534182750969
1.5917874164174179e-6;40.4127422505423
1.5919288247177585e-6;40.32860415952143
1.592070109813425e-6;40.20692678682028
1.5922112717385194e-6;40.0881300905209
1.5923523105272028e-6;39.98999972218321
1.5924932262136948e-6;39.83220214648103
1.5926340188322765e-6;39.736819185039835
1.592774688417288e-6;39.6543689977626
1.5929152350031286e-6;39.61136217387225
1.5930556586242585e-6;39.51483230752294
1.5931959593151982e-6;39.46206553842783
1.5933361371105282e-6;39.40068013739352
1.5934761920448893e-6;39.29674317948588
1.593616124152983e-6;39.23503066942104
1.5937559334695705e-6;39.183973388437
1.5938956200294762e-6;39.155053617543764
1.5940351838675832e-6;39.04066051914503
1.594174625018836e-6;39.039035266901635
1.5943139435182414e-6;38.99327949877654
1.5944531394008652e-6;38.99218417851373
1.5945922127018378e-6;38.990540679981706
1.5947311634563481e-6;39.016762313263754
1.5948699916996476e-6;38.96856772737205
1.5950086974670507e-6;38.95201474778893
1.5951472807939316e-6;38.96746615607406
1.5952857417157293e-6;39.04553262976773
1.5954240802679423e-6;39.018940319738206
1.595562296486132e-6;38.93706293064713
1.5957003904059225e-6;39.31203525450752
