1.508551350241944e-6;45.519864349958745
1.5087554066771794e-6;45.4161668151239
1.5089593281001014e-6;45.55674733018603
1.509163114530234e-6;45.50766300232815
1.5093667659871016e-6;45.784902179689134
1.5095702824902312e-6;45.776870735538964
1.5097736640591501e-6;45.84579967666666
1.5099769107133864e-6;45.67155811345721
1.5101800224724715e-6;45.87744629952993
1.5103829993559366e-6;46.01505912563215
1.5105858413833165e-6;46.05649758517102
1.5107885485741454e-6;46.039991235549294
1.5109911209479626e-6;46.01777608130241
1.5111935585243066e-6;46.08910951652234
1.5113958613227206e-6;46.13492978211986
1.5115980293627476e-6;46.18194580987137
1.5118000626639354e-6;46.20750090097609
1.5120019612458334e-6;46.238589426335935
1.5122037251279936e-6;46.24003480331562
1.5124053543299713e-6;46.182887233658946
1.5126068488713244e-6;46.15771249571307
1.5128082087716143e-6;46.278879251893144
1.5130094340504043e-6;46.288587357581804
1.5132105247272634e-6;46.24127331511917
1.5134114808217616e-6;46.234663833701305
1.5136123023534748e-6;46.25075685650483
1.5138129893419809e-6;46.22814778623883
1.514013541806861e-6;46.24034446438023
1.5142139597677028e-6;46.189053740785404
1.514414243244096e-6;46.15750209191384
1.5146143922556343e-6;46.14496468322216
1.5148144068219172e-6;46.16475513888566
1.5150142869625473e-6;46.14591415678749
1.5152140326971327e-6;46.11914398007107
1.5154136440452854e-6;46.07369228176479
1.5156131210266225e-6;46.013645636663114
1.5158124636607657e-6;45.96553114211475
1.5160116719673428e-6;45.908195512708915
1.5162107459659853e-6;45.91976780398287
1.5164096856763303e-6;45.85517127727124
1.5166084911180218e-6;45.7687093556865
1.516807162310707e-6;45.67755462695901
1.5170056992740404e-6;45.63433618922764
1.5172041020276814e-6;45.47442398370025
1.517402370591296e-6;45.46048866401734
1.5176005049845553e-6;45.38523465332709
1.517798505227137e-6;45.26494354871193
1.5179963713387255e-6;45.16310566674534
1.5181941033390106e-6;45.02454433243892
1.5183917012476894e-6;44.912636162646685
1.518589165084465e-6;44.8926924575802
1.5187864948690472e-6;44.74595013522642
1.5189836906211537e-6;44.69748400505166
1.5191807523605074e-6;44.55042914079076
1.51937768010684e-6;44.50326104061412
1.519574473879889e-6;44.50372294955247
1.5197711336994007e-6;44.37972408439349
1.5199676595851273e-6;44.25583124780946
1.5201640515568293e-6;44.17255737865213
1.5203603096342754e-6;44.143548733428666
1.5205564338372405e-6;44.04885008214813
1.5207524241855103e-6;44.01107465479456
1.5209482806988747e-6;43.954137674750186
1.5211440033971352e-6;43.868020632985456
1.5213395923000995e-6;43.82179196960254
1.521535047427585e-6;43.77634034247592
1.5217303687994168e-6;43.722674440956546
1.5219255564354285e-6;43.67970581043394
1.5221206103554633e-6;43.62576712460539
1.5223155305793727e-6;43.644008892496856
1.5225103171270175e-6;43.566758556586365
1.5227049700182678e-6;43.58639051893465
1.5228994892730021e-6;43.56885941165974
1.523093874911109e-6;43.59550916763318
1.5232881269524869e-6;43.540507856107666
1.5234822454170426e-6;43.586770845129735
1.5236762303246943e-6;43.53858551860327
1.5238700816953689e-6;43.63611979892144
1.524063799549003e-6;43.66123985021134
1.5242573839055443e-6;43.67542273520577
1.5244508347849504e-6;43.655254224567095
1.5246441522071892e-6;43.633110656366256
1.5248373361922387e-6;43.72930404888794
1.525030386760088e-6;43.77761438702262
1.5252233039307367e-6;43.777250412431485
1.5254160877241952e-6;43.86891169452432
1.5256087381604852e-6;43.870693269320206
1.5258012552596385e-6;43.90988066615901
1.525993639041699e-6;43.89945342268887
1.5261858895267224e-6;43.95623394355837
1.5263780067347741e-6;43.96007447705162
1.5265699906859325e-6;44.048166180754016
1.5267618414002871e-6;44.01486701774169
1.5269535588979399e-6;43.995525866059346
1.5271451431990035e-6;44.04696909410773
1.5273365943236034e-6;44.07288905531389
1.5275279122918778e-6;44.1303139115017
1.527719097123976e-6;44.13081723708829
1.5279101488400604e-6;44.16973172603036
1.5281010674603054e-6;44.17338810319397
1.5282918530048993e-6;44.170230504219646
1.5284825054940407e-6;44.16007740449289
1.5286730249479445e-6;44.17388646165675
1.5288634113868357e-6;44.18035992299948
1.5290536648309535e-6;44.1773733705707
1.5292437853005506e-6;44.10169639567997
1.5294337728158929e-6;44.08901082354143
1.5296236273972601e-6;44.04200621701355
1.5298133490649435e-6;44.042177445149235
1.5300029378392516e-6;44.08019369129767
1.5301923937405042e-6;43.95728169864644
1.5303817167890355e-6;43.907585287387164
1.530570907005194e-6;43.867129388585965
1.5307599644093431e-6;43.819990216830675
1.5309488890218603e-6;43.77269815439006
1.5311376808631356e-6;43.68584372357485
1.5313263399535763e-6;43.590382283793836
1.5315148663136034e-6;43.53223576097456
1.531703259963652e-6;43.436842488317744
1.5318915209241727e-6;43.40364784402067
1.532079649215632e-6;43.28073654513155
1.5322676448585101e-6;43.16536447403556
1.5324555078733033e-6;43.05265362023449
1.5326432382805234e-6;42.96050601788739
1.5328308361006974e-6;42.86141975203335
1.533018301354368e-6;42.712140972088335
1.533205634062094e-6;42.61786086565755
1.53339283424445e-6;42.47482260677054
1.5335799019220263e-6;42.35629433882054
1.53376683711543e-6;42.226124360573976
1.533953639845284e-6;42.16139500603143
1.5341403101322265e-6;42.04364204621005
1.534326847996915e-6;41.930967580722694
1.5345132534600217e-6;41.78919421035465
1.5346995265422352e-6;41.63965982954884
1.5348856672642625e-6;41.562764960030165
1.5350716756468259e-6;41.48355826449404
1.5352575517106664e-6;41.41136090120739
1.5354432954765413e-6;41.330276728998776
1.5356289069652252e-6;41.236883416675866
1.5358143861975106e-6;41.246020278933386
1.5359997331942073e-6;41.23851640967086
1.5361849479761436e-6;41.24439010556526
1.5363700305641643e-6;41.23851640967086
1.5365549809791339e-6;41.20343562438025
1.5367397992419324e-6;41.32227660733368
1.5369244853734609e-6;41.323557617539564
1.5371090393946375e-6;41.49557791861579
1.537293461326398e-6;41.49249912590282
1.5374777511896983e-6;41.56549151331781
1.5376619090055115e-6;41.69850701861499
1.5378459347948306e-6;41.86419489155475
1.5380298285786676e-6;41.935698003226165
1.5382135903780525e-6;42.159810567918626
1.5383972202140353e-6;42.24584853731531
1.5385807181076851e-6;42.3792056635038
1.538764084080091e-6;42.54741376091537
1.5389473181523602e-6;42.704459080179625
1.5391304203456208e-6;42.827580210255974
1.5393133906810199e-6;43.00791067987799
1.5394962291797256e-6;43.10990527134579
1.5396789358629254e-6;43.305760960877286
1.539861510751826e-6;43.425805773816265
1.5400439538676556e-6;43.5305023964259
1.5402262652316624e-6;43.67505009418112
1.5404084448651159e-6;43.820891186653
1.5405904927893044e-6;43.91517306849448
1.540772409025538e-6;44.034293955289634
1.5409541935951488e-6;44.19129307741976
1.5411358465194874e-6;44.302202263210724
1.5413173678199276e-6;44.38399933804706
1.5414987575178635e-6;44.45853189653875
1.5416800156347108e-6;44.61528539186327
1.5418611421919068e-6;44.69483281434522
1.54204213721091e-6;44.86458816884649
1.5422230007132003e-6;44.85110714190291
1.5424037327202815e-6;44.95447200122583
1.5425843332536763e-6;45.05611171241553
1.5427648023349315e-6;45.17090281587123
1.5429451399856158e-6;45.215303412787115
1.5431253462273196e-6;45.23824476777688
1.543305421081657e-6;45.33314397744376
1.5434853645702626e-6;45.38548600297088
1.5436651767147959e-6;45.43235883876959
1.5438448575369381e-6;45.43496881899322
1.544024407058393e-6;45.388752225255956
1.544203825300888e-6;45.3828461059014
1.5443831122861734e-6;45.410547788827
1.5445622680360232e-6;45.39189050875863
1.544741292572235e-6;45.50277284887933
1.5449201859166286e-6;45.41167217584145
1.5450989480910493e-6;45.34495702835539
1.5452775791173635e-6;45.292378052696606
1.545456079017465e-6;45.30826986248976
1.545634447813269e-6;45.25057770857742
1.545812685526716e-6;45.15304120710322
1.5459907921797698e-6;45.15714926414582
1.5461687677944193e-6;44.94961186838928
1.5463466123926777e-6;44.91487761029827
1.5465243259965836e-6;44.80998073363057
1.546701908628199e-6;44.81141527972903
1.5468793603096113e-6;44.65784239568503
1.5470566810629336e-6;44.54112800025813
1.547233870910302e-6;44.38479059004316
1.5474109298738813e-6;44.29945974117818
1.5475878579758583e-6;44.17621137863894
1.5477646552384468e-6;44.08392620133361
1.5479413216838863e-6;43.96164462603818
1.5481178573344411e-6;43.77342683640839
1.5482942622124024e-6;43.63762358869376
1.5484705363400864e-6;43.43270700650801
1.5486466797398364e-6;43.35558188065861
1.5488226924340212e-6;43.16913439164992
1.5489985744450356e-6;42.94818809482686
1.549174325795302e-6;42.68507767747351
1.5493499465072675e-6;42.47433129563036
1.5495254366034086e-6;42.27886704613674
1.5497007961062248e-6;42.15240887065359
1.5498760250382466e-6;41.86306384269908
1.5500511234220287e-6;41.64590760190224
1.5502260912801543e-6;41.32771829309619
1.550400928635233e-6;41.07684719655842
1.5505756355099025e-6;40.80446094611049
1.5507502119268287e-6;40.62281069972644
1.5509246579087025e-6;40.20402720983878
1.5510989734782452e-6;39.95459686621064
1.5512731586582055e-6;39.55062069675032
1.5514472134713585e-6;39.37216890862706
1.55162113794051e-6;39.12859475162355
1.5517949320884916e-6;38.85587356189656
1.551968595938165e-6;38.56789288753316
1.552142129512419e-6;38.24776462475546
1.5523155328341726e-6;38.04412059137714
1.5524888059263717e-6;37.70852011642144
1.552661948811992e-6;37.51663946260987
1.5528349615140398e-6;37.30862992046494
1.5530078440555468e-6;37.10878617685173
1.5531805964595773e-6;36.87974620034556
1.5533532187492226e-6;36.866362692622936
1.5535257109476055e-6;36.87261346243506
1.5536980730778766e-6;36.69130847373332
1.5538703051632173e-6;36.644539285811575
1.554042407226838e-6;36.658623002031554
1.55421437929198e-6;36.83587317572767
1.5543862213819142e-6;36.85741738602263
1.5545579335199415e-6;37.10709565724337
1.5547295157293927e-6;37.311050512159206
1.5549009680336306e-6;37.31830420288163
1.5550722904560464e-6;37.50816842649754
1.5552434830200637e-6;37.72834927239018
1.555414545749136e-6;38.08210972924222
1.5555854786667486e-6;38.250364412213536
1.5557562817964163e-6;38.38849090737255
1.5559269551616864e-6;38.71164132802949
1.5560974987861375e-6;38.85587356189656
1.5562679126933777e-6;39.140256516963284
1.556438196907049e-6;39.39619078956698
1.5566083514508244e-6;39.65013450272248
1.5567783763484073e-6;39.870850296241215
1.5569482716235346e-6;40.0483706093831
1.5571180372999746e-6;40.22015739817721
1.5572876734015277e-6;40.52078030484169
1.5574571799520258e-6;40.707026597194734
1.5576265569753346e-6;40.941215958405614
1.5577958044953514e-6;41.0680262759965
1.5579649225360064e-6;41.18496199911788
1.5581339111212615e-6;41.34878045195129
1.558302770275114e-6;41.63697945892569
1.558471500021591e-6;41.789769472931695
1.558640100384755e-6;41.961208925983804
1.5588085713887e-6;42.00850498091078
1.5589769130575549e-6;42.10933535357622
1.5591451254154812e-6;42.21805317996549
1.5593132084866743e-6;42.357556345867174
1.5594811622953628e-6;42.53991862812171
1.5596489868658094e-6;42.66654962773224
1.559816682222311e-6;42.703060911529136
1.5599842483891978e-6;42.720969987707946
1.560151685390835e-6;42.8476901334902
1.5603189932516225e-6;42.95413145519659
1.5604861719959922e-6;43.06146131684915
1.5606532216484136e-6;43.189185535940176
1.5608201422333889e-6;43.17436496535099
1.5609869337754558e-6;43.1695530694502
1.5611535962991862e-6;43.21888277582297
1.5613201298291886e-6;43.289704942369305
1.5614865343901047e-6;43.35798783325366
1.5616528100066131e-6;43.43644880252506
1.5618189567034259e-6;43.379382185842
1.561984974505293e-6;43.38077815020866
1.5621508634369983e-6;43.361994794666316
1.5623166235233619e-6;43.33628612518691
1.5624822547892395e-6;43.3897415086708
1.5626477572595237e-6;43.43290402353433
1.562813130959142e-6;43.43290402353433
1.5629783759130595e-6;43.38376799232071
1.5631434921462755e-6;43.23066376363904
1.5633084796838284e-6;43.17206428899824
1.563473338550791e-6;43.1896022852754
1.5636380687722742e-6;43.2292186958309
1.5638026703734252e-6;43.23375871933862
1.5639671433794279e-6;43.12283165791478
1.5641314878155046e-6;42.94928933093567
1.564295703706912e-6;42.85489796846293
1.5644597910789477e-6;42.78639297890739
1.5646237499569438e-6;42.77563376055919
1.5647875803662717e-6;42.72676877728288
1.564951282332339e-6;42.6097721137248
1.5651148558805929e-6;42.41247551263716
1.5652783010365177e-6;42.28656958108935
1.5654416178256345e-6;42.16192302363926
1.565604806273505e-6;42.01451749121719
1.5657678664057269e-6;41.91003634067977
1.565930798247938e-6;41.79436883244976
1.5660936018258132e-6;41.64263608022661
1.5662562771650673e-6;41.42358175763846
1.5664188242914533e-6;41.15610511674299
1.5665812432307625e-6;40.99162492928595
1.5667435340088268e-6;40.81491328525699
1.5669056966515154e-6;40.64907027159636
1.567067731184738e-6;40.51229723493164
1.5672296376344438e-6;40.30761590951017
1.5673914160266201e-6;39.99130541287371
1.5675530663872946e-6;39.7340497441006
1.5677145887425362e-6;39.39119717648487
1.5678759831184509e-6;39.14396052129786
1.5680372495411858e-6;38.99601659146122
1.5681983880369302e-6;38.70988813760575
1.5683593986319099e-6;38.38849090737255
1.5685202813523937e-6;38.07535028068853
1.5686810362246905e-6;37.52355804153501
1.5688416632751484e-6;37.30862992046494
1.569002162530158e-6;36.87350569558027
1.5691625340161495e-6;36.44930707913587
1.5693227777595943e-6;36.10553705317094
1.5694828937870055e-6;35.65375502714073
1.5696428821249366e-6;35.24655712357777
1.5698027427999824e-6;34.902394852462876
1.5699624758387796e-6;34.295908022233014
1.5701220812680067e-6;33.58125285276649
1.5702815591143833e-6;33.11117842662505
1.5704409094046705e-6;32.54064452914338
1.5706001321656721e-6;32.57918450314059
1.5707592274242336e-6;31.85825359612962
1.5709181952072424e-6;31.065308538223814
1.5710770355416285e-6;30.136796972911924
1.5712357484543643e-6;30.11993114659257
1.5713943339724647e-6;30.136796972911924
1.5715527921229866e-6;30.22840610876528
1.5717111229330316e-6;29.434945159061026
1.5718693264297412e-6;30.034605321095068
1.5720274026403025e-6;28.937617620579434
1.5721853515919444e-6;30.086001717619176
1.5723431733119393e-6;30.203612826477077
1.572500867827603e-6;30.534626049254552
1.5726584351662955e-6;31.05510184769974
1.5728158753554185e-6;31.73186268412274
1.57297318842242e-6;31.82699903336043
1.5731303743947892e-6;32.53580289562183
1.5732874333000617e-6;33.178544893314694
1.5734443651658151e-6;33.662361237182935
1.573601170019673e-6;34.316853446860115
1.5737578478893024e-6;34.90800952010855
1.573914398802414e-6;35.203525040833185
1.574070822786765e-6;35.8849580100721
1.5742271198701552e-6;36.40382044709568
1.574383290080431e-6;36.854730197227596
1.5745393334454828e-6;37.239479764316435
1.5746952499932465e-6;37.546540692554316
1.5748510397517025e-6;37.88663213120857
1.5750067027488768e-6;38.23474229170301
1.5751622390128407e-6;38.710472613054996
1.575317648571712e-6;39.00530982452756
1.5754729314536534e-6;39.40516484932567
1.575628087686873e-6;39.69555684220844
1.5757831172996249e-6;40.101727032867785
1.5759380203202105e-6;40.42299807413626
1.5760927967769759e-6;40.71292733834574
1.5762474466983137e-6;40.85575969718504
1.5764019701126632e-6;41.07718610520263
1.5765563670485107e-6;41.32611850495454
1.5767106375343878e-6;41.48664339982236
1.5768647815988745e-6;41.78545314511007
1.5770187992705961e-6;41.985746181472805
1.5771726905782257e-6;42.23444019809615
1.577326455550484e-6;42.47482260677054
1.5774800942161371e-6;42.602383922101296
1.5776336066040009e-6;42.80259588686136
1.577786992742937e-6;42.956990174895104
1.5779402526618553e-6;43.06510805643383
1.5780933863897136e-6;43.1722734917642
1.5782463939555163e-6;43.32761535609808
1.5783992753883176e-6;43.5351231653885
1.5785520307172189e-6;43.775248006737016
1.5787046599713692e-6;43.90634881151876
1.5788571631799665e-6;44.04474505739853
1.5790095403722567e-6;44.09476620806971
1.5791617915775361e-6;44.10709764916316
1.5793139168251472e-6;44.17106167392593
1.5794659161444825e-6;44.27988924372546
1.5796177895649836e-6;44.43106456737266
1.5797695371161405e-6;44.544027213392575
1.5799211588274927e-6;44.658882426265365
1.5800726547286296e-6;44.762663012585136
1.5802240248491893e-6;44.84499141895491
1.5803752692188588e-6;44.898741422108785
1.5805263878673762e-6;44.923831850396226
1.5806773808245288e-6;44.92941888981732
1.5808282481201533e-6;44.974825373673696
1.580978989784137e-6;44.97579220668716
1.5811296058464166e-6;45.05136406405284
1.5812800963369813e-6;45.20666906472944
1.581430461285867e-6;45.288910016189945
1.5815807007231627e-6;45.403670202412584
1.5817308146790074e-6;45.38850106458046
1.5818808031835918e-6;45.4079230865038
1.5820306662671552e-6;45.347620050300264
1.5821804039599893e-6;45.26752694348148
1.5823300162924382e-6;45.3790720385597
1.582479503294894e-6;45.35015474444193
1.582628864997803e-6;45.41803820948174
1.5827781014316613e-6;45.44972915232015
1.582927212627018e-6;45.442541306840106
1.5830761986144724e-6;45.43223451486436
1.5832250594246772e-6;45.48770103541044
1.5833737950883352e-6;45.398912045347906
1.5835224056362027e-6;45.29661300653685
1.5836708910990882e-6;45.318491868018604
1.5838192515078513e-6;45.30507054537145
1.5839674868934057e-6;45.32690694780652
1.584115597286716e-6;45.373782828302055
1.5842635827188003e-6;45.37151405048338
1.5844114432207304e-6;45.28170821087167
1.5845591788236288e-6;45.25744300194379
1.5847067895586727e-6;45.15569201123779
1.5848542754570925e-6;45.023315100466846
1.5850016365501713e-6;44.988616889928835
1.5851488728692454e-6;44.92927930139403
1.585295984445705e-6;44.93820392784634
1.585442971310995e-6;44.990131286387715
1.5855898334966112e-6;44.84484909031941
1.5857365710341065e-6;44.81041114721699
1.5858831839550856e-6;44.80222598584475
1.5860296722912082e-6;44.61963486124938
1.5861760360741883e-6;44.51556183076428
1.5863222753357948e-6;44.44169754768573
1.5864683901078492e-6;44.426208526563386
1.5866143804222295e-6;44.421190137451596
1.5867602463108672e-6;44.3827330349236
1.58690598780575e-6;44.30123451200289
1.5870516049389195e-6;44.2143939022005
1.5871970977424722e-6;44.04491617758686
1.587342466248561e-6;43.91728822490742
1.5874877104893933e-6;43.868020632985456
1.5876328304972316e-6;43.77251596478043
1.5877778263043947e-6;43.6312288829415
1.587922697943257e-6;43.54166085031419
1.588067445446249e-6;43.43408593803858
1.5882120688458554e-6;43.371996053735806
1.5883565681746198e-6;43.21701969500737
1.58850094346514e-6;43.0999192878118
1.58864519475007e-6;42.97410308897391
1.5887893220621213e-6;42.83775978711523
1.5889333254340616e-6;42.66208169807691
1.5890772048987151e-6;42.54185409462092
1.5892209604889622e-6;42.493451363533296
1.5893645922377419e-6;42.42218320247613
1.5895081001780482e-6;42.28426025467109
1.5896514843429333e-6;42.159546438691294
1.5897947447655069e-6;42.01888500365973
1.5899378814789358e-6;41.81386195083218
1.5900808945164438e-6;41.7207725696948
1.5902237839113137e-6;41.56215882676762
1.5903665496968847e-6;41.484484035233834
1.5905091919065538e-6;41.32323740040991
1.5906517105737772e-6;41.241127921967845
1.5907941057320692e-6;41.133416047951044
1.590936377415e-6;41.07379582804448
1.5910785256562011e-6;40.904696802311605
1.5912205504893615e-6;40.711452904510836
1.5913624519482273e-6;40.62431553162612
1.5915042300666058e-6;40.51731196059849
1.591645884878361e-6;40.311659996606586
1.5917874164174179e-6;40.32296344739473
1.5919288247177585e-6;40.214787322575276
1.592070109813425e-6;40.09790719354298
1.5922112717385194e-6;39.98869363882344
1.5923523105272028e-6;39.87487506133093
1.5924932262136948e-6;39.703468762300936
1.5926340188322765e-6;39.64919294286643
1.592774688417288e-6;39.51191757934706
1.5929152350031286e-6;39.51337518795918
1.5930556586242585e-6;39.38769822783117
1.5931959593151982e-6;39.384196457931935
1.5933361371105282e-6;39.269081017054354
1.5934761920448893e-6;39.22310163214396
1.593616124152983e-6;39.12753303671323
1.5937559334695705e-6;39.13177833990468
1.5938956200294762e-6;39.06281155772153
1.5940351838675832e-6;38.98341165727509
1.594174625018836e-6;38.996563803056354
1.5943139435182414e-6;38.93761762057943
1.5944531394008652e-6;38.88628725385226
1.5945922127018378e-6;38.92372907398436
1.5947311634563481e-6;38.99546931090867
1.5948699916996476e-6;38.889092592635315
1.5950086974670507e-6;38.90085526716325
1.5951472807939316e-6;38.88179493918325
1.5952857417157293e-6;39.04931827395653
1.5954240802679423e-6;39.003124969837266
1.595562296486132e-6;38.85813374660489
1.5957003904059225e-6;39.24486043733915
