1.508551350241944e-6;45.47737794939886
1.5087554066771794e-6;45.34102291387776
1.5089593281001014e-6;45.46419266835191
1.509163114530234e-6;45.393145187457776
1.5093667659871016e-6;45.65540871735753
1.5095702824902312e-6;45.6059998530754
1.5097736640591501e-6;45.688350971779535
1.5099769107133864e-6;45.50582983999497
1.5101800224724715e-6;45.64476684773713
1.5103829993559366e-6;45.78845422234846
1.5105858413833165e-6;45.8508831746747
1.5107885485741454e-6;45.86395992949957
1.5109911209479626e-6;45.846251784185185
1.5111935585243066e-6;45.760186774346664
1.5113958613227206e-6;45.92631917104661
1.5115980293627476e-6;45.9399454104691
1.5118000626639354e-6;45.96069024451576
1.5120019612458334e-6;45.95716619943424
1.5122037251279936e-6;45.91876757358062
1.5124053543299713e-6;45.7885687560146
1.5126068488713244e-6;45.93452219346109
1.5128082087716143e-6;45.953529030466896
1.5130094340504043e-6;45.93751133438524
1.5132105247272634e-6;45.90161672807483
1.5134114808217616e-6;45.88338947233954
1.5136123023534748e-6;45.869696754757676
1.5138129893419809e-6;45.93330380523062
1.514013541806861e-6;45.889548328685095
1.5142139597677028e-6;45.849754022565214
1.514414243244096e-6;45.70589635702802
1.5146143922556343e-6;45.83005963388896
1.5148144068219172e-6;45.79326203755255
1.5150142869625473e-6;45.73903855991726
1.5152140326971327e-6;45.70075705321604
1.5154136440452854e-6;45.70437855923994
1.5156131210266225e-6;45.59691218989585
1.5158124636607657e-6;45.59248104088254
1.5160116719673428e-6;45.50228353055094
1.5162107459659853e-6;45.59248104088254
1.5164096856763303e-6;45.4965299067056
1.5166084911180218e-6;45.43298040491669
1.516807162310707e-6;45.34888758228809
1.5170056992740404e-6;45.36760393043387
1.5172041020276814e-6;45.198411142567366
1.517402370591296e-6;45.210072524086044
1.5176005049845553e-6;45.16760064808564
1.517798505227137e-6;45.08489317605435
1.5179963713387255e-6;45.01155152620568
1.5181941033390106e-6;44.923132964824966
1.5183917012476894e-6;44.85281231935596
1.518589165084465e-6;44.874212113594744
1.5187864948690472e-6;44.778733801677205
1.5189836906211537e-6;44.769185366568806
1.5191807523605074e-6;44.65917953211935
1.51937768010684e-6;44.63489848289935
1.519574473879889e-6;44.68849285541113
1.5197711336994007e-6;44.601458174917504
1.5199676595851273e-6;44.50618563451726
1.5201640515568293e-6;44.50664723252152
1.5203603096342754e-6;44.48520816457295
1.5205564338372405e-6;44.424013694827025
1.5207524241855103e-6;44.42558154495923
1.5209482806988747e-6;44.394748033167836
1.5211440033971352e-6;44.34041682754271
1.5213395923000995e-6;44.39111542159728
1.521535047427585e-6;44.30349226279517
1.5217303687994168e-6;44.34153571066601
1.5219255564354285e-6;44.296231025826856
1.5221206103554633e-6;44.37924879631432
1.5223155305793727e-6;44.31154609052244
1.5225103171270175e-6;44.28636859268609
1.5227049700182678e-6;44.29849137858491
1.5228994892730021e-6;44.34249452396475
1.523093874911109e-6;44.344092075875
1.5232881269524869e-6;44.39553732943139
1.5234822454170426e-6;44.353824437324185
1.5236762303246943e-6;44.39253724017898
1.5238700816953689e-6;44.426051789648014
1.524063799549003e-6;44.42479769064448
1.5242573839055443e-6;44.45059047392219
1.5244508347849504e-6;44.47220068979909
1.5246441522071892e-6;44.4695634779546
1.5248373361922387e-6;44.49324093098727
1.525030386760088e-6;44.50387690828191
1.5252233039307367e-6;44.53303047718583
1.5254160877241952e-6;44.55895039049785
1.5256087381604852e-6;44.5782136366791
1.5258012552596385e-6;44.581995569811696
1.525993639041699e-6;44.547839021191685
1.5261858895267224e-6;44.554387514664135
1.5263780067347741e-6;44.57261032465417
1.5265699906859325e-6;44.61153234990843
1.5267618414002871e-6;44.61033069118143
1.5269535588979399e-6;44.54143327174591
1.5271451431990035e-6;44.54524735593097
1.5273365943236034e-6;44.51924528420122
1.5275279122918778e-6;44.542654143162764
1.527719097123976e-6;44.50172098924372
1.5279101488400604e-6;44.54067005278905
1.5281010674603054e-6;44.46552699502676
1.5282918530048993e-6;44.42526802021039
1.5284825054940407e-6;44.38716348143792
1.5286730249479445e-6;44.37956566081315
1.5288634113868357e-6;44.381466362467485
1.5290536648309535e-6;44.30091188033949
1.5292437853005506e-6;44.20219877725148
1.5294337728158929e-6;44.137187650610784
1.5296236273972601e-6;44.0389229555942
1.5298133490649435e-6;44.02519302574249
1.5300029378392516e-6;44.01538390165943
1.5301923937405042e-6;43.86659455414194
1.5303817167890355e-6;43.77470173582134
1.530570907005194e-6;43.684542466690495
1.5307599644093431e-6;43.625013239290126
1.5309488890218603e-6;43.53011711033453
1.5311376808631356e-6;43.386556655787
1.5313263399535763e-6;43.23685147101989
1.5315148663136034e-6;43.123889493705924
1.531703259963652e-6;42.95655049432586
1.5318915209241727e-6;42.868380500590135
1.532079649215632e-6;42.66889932471053
1.5322676448585101e-6;42.53168325901442
1.5324555078733033e-6;42.35326402483387
1.5326432382805234e-6;42.216749970707696
1.5328308361006974e-6;42.07149453209543
1.533018301354368e-6;41.86221536270829
1.533205634062094e-6;41.716387085308185
1.53339283424445e-6;41.492807103410236
1.5335799019220263e-6;41.33187498641167
1.53376683711543e-6;41.16308814655416
1.533953639845284e-6;40.99853219884381
1.5341403101322265e-6;40.90363879471718
1.534326847996915e-6;40.71624298539752
1.5345132534600217e-6;40.580462303952814
1.5346995265422352e-6;40.40918650748524
1.5348856672642625e-6;40.30963842378276
1.5350716756468259e-6;40.20609853377705
1.5352575517106664e-6;40.20527012274563
1.5354432954765413e-6;40.10384771498377
1.5356289069652252e-6;40.07150105366684
1.5358143861975106e-6;40.08557591784247
1.5359997331942073e-6;40.1321653962444
1.5361849479761436e-6;40.21106568432121
1.5363700305641643e-6;40.203612826477084
1.5365549809791339e-6;40.30963842378276
1.5367397992419324e-6;40.508822106640295
1.5369244853734609e-6;40.60886623004662
1.5371090393946375e-6;40.8109515656134
1.537293461326398e-6;40.904696802311605
1.5374777511896983e-6;41.06836587366794
1.5376619090055115e-6;41.23459619443338
1.5378459347948306e-6;41.49126699742614
1.5380298285786676e-6;41.712582746757754
1.5382135903780525e-6;41.98437135325562
1.5383972202140353e-6;42.165881110755016
1.5385807181076851e-6;42.34238800347066
1.538764084080091e-6;42.60548372636979
1.5389473181523602e-6;42.77517532969171
1.5391304203456208e-6;42.95325147042704
1.5393133906810199e-6;43.226120501882875
1.5394962291797256e-6;43.32620219565641
1.5396789358629254e-6;43.58315640082196
1.539861510751826e-6;43.72819981678968
1.5400439538676556e-6;43.86177807790886
1.5402262652316624e-6;44.04388935530544
1.5404084448651159e-6;44.21834173504778
1.5405904927893044e-6;44.36830278966092
1.540772409025538e-6;44.50141291342469
1.5409541935951488e-6;44.67637698747892
1.5411358465194874e-6;44.79416937274596
1.5413173678199276e-6;44.91795771313591
1.5414987575178635e-6;45.03232139911512
1.5416800156347108e-6;45.271915190871006
1.5418611421919068e-6;45.34546439654068
1.54204213721091e-6;45.54210443723099
1.5422230007132003e-6;45.50973965132133
1.5424037327202815e-6;45.65481818599143
1.5425843332536763e-6;45.810161565455545
1.5427648023349315e-6;45.89849110257215
1.5429451399856158e-6;45.976074408030996
1.5431253462273196e-6;45.97969275225808
1.543305421081657e-6;46.014298073353146
1.5434853645702626e-6;46.04355673882896
1.5436651767147959e-6;46.10543058104406
1.5438448575369381e-6;46.168954264007596
1.544024407058393e-6;46.175140572090726
1.544203825300888e-6;46.15107987443194
1.5443831122861734e-6;46.153502481744994
1.5445622680360232e-6;46.18706887211025
1.544741292572235e-6;46.19510720838498
1.5449201859166286e-6;46.20625271909247
1.5450989480910493e-6;46.165700296088026
1.5452775791173635e-6;46.11245214834831
1.545456079017465e-6;46.08547426867113
1.545634447813269e-6;46.08461847383728
1.545812685526716e-6;46.05218825278825
1.5459907921797698e-6;45.974099494353666
1.5461687677944193e-6;45.89335125784143
1.5463466123926777e-6;45.83232790480936
1.5465243259965836e-6;45.78811060322582
1.546701908628199e-6;45.75187844927661
1.5468793603096113e-6;45.62637783341772
1.5470566810629336e-6;45.50179415708499
1.547233870910302e-6;45.29597161225425
1.5474109298738813e-6;45.18987457440956
1.5475878579758583e-6;45.13723538085007
1.5477646552384468e-6;44.98503530678758
1.5479413216838863e-6;44.84371029328407
1.5481178573344411e-6;44.73983023210336
1.5482942622124024e-6;44.49246919490012
1.5484705363400864e-6;44.36051275202242
1.5486466797398364e-6;44.22245024841782
1.5488226924340212e-6;44.08613026855303
1.5489985744450356e-6;43.89697548206386
1.549174325795302e-6;43.67672672705433
1.5493499465072675e-6;43.50441856535062
1.5495254366034086e-6;43.32640410387462
1.5497007961062248e-6;43.22901221831552
1.5498760250382466e-6;42.95017011881458
1.5500511234220287e-6;42.72700056789586
1.5502260912801543e-6;42.43385345371658
1.550400928635233e-6;42.22274149796562
1.5505756355099025e-6;41.96783937737709
1.5507502119268287e-6;41.79321944913777
1.5509246579087025e-6;41.48324963038817
1.5510989734782452e-6;41.25090713082634
1.5512731586582055e-6;40.894105109835444
1.5514472134713585e-6;40.71108421782449
1.55162113794051e-6;40.516155230049904
1.5517949320884916e-6;40.31892987710475
1.551968595938165e-6;40.00173683058465
1.552142129512419e-6;39.767167043633826
1.5523155328341726e-6;39.51968584492911
1.5524888059263717e-6;39.40217555599735
1.552661948811992e-6;39.139197649514664
1.5528349615140398e-6;39.00858504701992
1.5530078440555468e-6;38.75466415866386
1.5531805964595773e-6;38.70930358348696
1.5533532187492226e-6;38.563663236592475
1.5535257109476055e-6;38.56547644856748
1.5536980730778766e-6;38.49235091314723
1.5538703051632173e-6;38.421722293856156
1.554042407226838e-6;38.39729375206388
1.55421437929198e-6;38.55155577176994
1.5543862213819142e-6;38.55458580386036
1.5545579335199415e-6;38.71280972857973
1.5547295157293927e-6;38.85813374660489
1.5549009680336306e-6;39.00530982452756
1.5550722904560464e-6;39.050399280762115
1.5552434830200637e-6;39.2716497429937
1.555414545749136e-6;39.52792443044092
1.5555854786667486e-6;39.71229447276241
1.5557562817964163e-6;39.87934265232158
1.5559269551616864e-6;40.10850957373923
1.5560974987861375e-6;40.208996728625365
1.5562679126933777e-6;40.426148845885244
1.556438196907049e-6;40.613393668370676
1.5566083514508244e-6;40.90081618038822
1.5567783763484073e-6;41.023650913385275
1.5569482716235346e-6;41.24275932006338
1.5571180372999746e-6;41.336666232606845
1.5572876734015277e-6;41.64114820984341
1.5574571799520258e-6;41.791494803611485
1.5576265569753346e-6;42.013971243204516
1.5577958044953514e-6;42.07499723307305
1.5579649225360064e-6;42.2198770161943
1.5581339111212615e-6;42.35856568752973
1.558302770275114e-6;42.60357641636152
1.558471500021591e-6;42.7214341759105
1.558640100384755e-6;42.90145954647811
1.5588085713887e-6;42.906800054178625
1.5589769130575549e-6;43.01160264469209
1.5591451254154812e-6;43.08372299806312
1.5593132084866743e-6;43.22384708745404
1.5594811622953628e-6;43.392128616546415
1.5596489868658094e-6;43.44647665919406
1.559816682222311e-6;43.48265911123662
1.5599842483891978e-6;43.50073489951687
1.560151685390835e-6;43.58905210313047
1.5603189932516225e-6;43.678961231148065
1.5604861719959922e-6;43.76996450740673
1.5606532216484136e-6;43.867129388585965
1.5608201422333889e-6;43.811511951734616
1.5609869337754558e-6;43.81944954520606
1.5611535962991862e-6;43.81638446726157
1.5613201298291886e-6;43.9003380589576
1.5614865343901047e-6;43.94223966772368
1.5616528100066131e-6;43.99915889916302
1.5618189567034259e-6;43.955535299709034
1.561984974505293e-6;43.9029908871013
1.5621508634369983e-6;43.89927647380955
1.5623166235233619e-6;43.86142108930819
1.5624822547892395e-6;43.89290150779289
1.5626477572595237e-6;43.9123512565331
1.562813130959142e-6;43.911821962613686
1.5629783759130595e-6;43.869089884895416
1.5631434921462755e-6;43.728567925352294
1.5633084796838284e-6;43.67858889362906
1.563473338550791e-6;43.67821652418537
1.5636380687722742e-6;43.689745156523884
1.5638026703734252e-6;43.68007805221175
1.5639671433794279e-6;43.58505911490235
1.5641314878155046e-6;43.43526753097717
1.564295703706912e-6;43.337091828972724
1.5644597910789477e-6;43.26274399813678
1.5646237499569438e-6;43.22281332371608
1.5647875803662717e-6;43.14856957779571
1.564951282332339e-6;43.01312195372246
1.5651148558805929e-6;42.83753383332527
1.5652783010365177e-6;42.67617531686773
1.5654416178256345e-6;42.54886293888967
1.565604806273505e-6;42.42044239369551
1.5657678664057269e-6;42.29220943702738
1.565930798247938e-6;42.149762347220666
1.5660936018258132e-6;41.96590654117307
1.5662562771650673e-6;41.79752806897498
1.5664188242914533e-6;41.488493429592204
1.5665812432307625e-6;41.33538908370218
1.5667435340088268e-6;41.081250947385996
1.5669056966515154e-6;40.9631897051261
1.567067731184738e-6;40.78456818053293
1.5672296376344438e-6;40.51268318870385
1.5673914160266201e-6;40.20278394111927
1.5675530663872946e-6;39.922883537970925
1.5677145887425362e-6;39.64212472969819
1.5678759831184509e-6;39.40665872475829
1.5680372495411858e-6;39.13442954859396
1.5681983880369302e-6;38.85982811354973
1.5683593986319099e-6;38.398549846018845
1.5685202813523937e-6;38.06993513682107
1.5686810362246905e-6;37.70262738170593
1.5688416632751484e-6;37.310243798156876
1.569002162530158e-6;36.854730197227596
1.5691625340161495e-6;36.38788667157398
1.5693227777595943e-6;35.97585501752205
1.5694828937870055e-6;35.54125581513013
1.5696428821249366e-6;35.25044807036845
1.5698027427999824e-6;34.51172157512539
1.5699624758387796e-6;34.12628520544375
1.5701220812680067e-6;33.583156400821956
1.5702815591143833e-6;33.115419584011946
1.5704409094046705e-6;32.55272505103306
1.5706001321656721e-6;31.883659260631482
1.5707592274242336e-6;30.969100130080562
1.5709181952072424e-6;31.1293997608408
1.5710770355416285e-6;30.11993114659257
1.5712357484543643e-6;30.115704435972784
1.5713943339724647e-6;30.2201573981772
1.5715527921229866e-6;30.203612826477077
1.5717111229330316e-6;30.086001717619176
1.5718693264297412e-6;30.2201573981772
1.5720274026403025e-6;30.034605321095068
1.5721853515919444e-6;30.19116290447073
1.5723431733119393e-6;31.04487111312395
1.572500867827603e-6;31.166077439882486
1.5726584351662955e-6;31.82414652434554
1.5728158753554185e-6;32.469906992415495
1.57297318842242e-6;32.91590825658001
1.5731303743947892e-6;33.6679638328673
1.5732874333000617e-6;34.102709642521845
1.5734443651658151e-6;34.52859335795852
1.573601170019673e-6;35.00236474825639
1.5737578478893024e-6;35.54610285226164
1.573914398802414e-6;35.846703844643486
1.574070822786765e-6;36.413749451921255
1.5742271198701552e-6;37.000110623221126
1.574383290080431e-6;37.51663946260987
1.5745393334454828e-6;37.88663213120857
1.5746952499932465e-6;38.23800153749878
1.5748510397517025e-6;38.5582190540603
1.5750067027488768e-6;38.84795363948981
1.5751622390128407e-6;39.26959488380276
1.575317648571712e-6;39.52308009662125
1.5754729314536534e-6;39.99826247454413
1.575628087686873e-6;40.227169800510296
1.5757831172996249e-6;40.61979947074878
1.5759380203202105e-6;40.9029333131011
1.5760927967769759e-6;41.17768294926372
1.5762474466983137e-6;41.320674813040064
1.5764019701126632e-6;41.572753964540354
1.5765563670485107e-6;41.796092337262
1.5767106375343878e-6;42.009598783918456
1.5768647815988745e-6;42.21335979533828
1.5770187992705961e-6;42.410481506716444
1.5771726905782257e-6;42.66866441221181
1.577326455550484e-6;42.93980956234428
1.5774800942161371e-6;43.00552008792885
1.5776336066040009e-6;43.2349960843175
1.577786992742937e-6;43.34694958867158
1.5779402526618553e-6;43.447851226326605
1.5780933863897136e-6;43.574011751395105
1.5782463939555163e-6;43.6752364186902
1.5783992753883176e-6;43.87354226971367
1.5785520307172189e-6;44.0805331429798
1.5787046599713692e-6;44.21521666336977
1.5788571631799665e-6;44.34233473644771
1.5790095403722567e-6;44.38716348143792
1.5791617915775361e-6;44.41993463357438
1.5793139168251472e-6;44.465682313762144
1.5794659161444825e-6;44.56851685381948
1.5796177895649836e-6;44.72888033769636
1.5797695371161405e-6;44.812705966197214
1.5799211588274927e-6;44.92634690762959
1.5800726547286296e-6;45.04348508786918
1.5802240248491893e-6;45.10531605849078
1.5803752692188588e-6;45.16284111113981
1.5805263878673762e-6;45.16773278301586
1.5806773808245288e-6;45.16786491392598
1.5808282481201533e-6;45.19946063837529
1.580978989784137e-6;45.18369150917752
1.5811296058464166e-6;45.248503032721985
1.5812800963369813e-6;45.40329474790874
1.581430461285867e-6;45.46851001781394
1.5815807007231627e-6;45.5735077960453
1.5817308146790074e-6;45.55553904349681
1.5818808031835918e-6;45.56302500767287
1.5820306662671552e-6;45.49542727884881
1.5821804039599893e-6;45.40316958919408
1.5823300162924382e-6;45.50754081557615
1.582479503294894e-6;45.46912643181243
1.582628864997803e-6;45.52753363545443
1.5827781014316613e-6;45.55674733018603
1.582927212627018e-6;45.53701021549961
1.5830761986144724e-6;45.5121814971696
1.5832250594246772e-6;45.55819683061191
1.5833737950883352e-6;45.4669069318424
1.5835224056362027e-6;45.357876437426185
1.5836708910990882e-6;45.37113580559027
1.5838192515078513e-6;45.3421654433233
1.5839674868934057e-6;45.35154819591039
1.584115597286716e-6;45.38347479838777
1.5842635827188003e-6;45.37239649381041
1.5844114432207304e-6;45.2755257152753
1.5845591788236288e-6;45.2456487341781
1.5847067895586727e-6;45.13111011656089
1.5848542754570925e-6;44.99645850172348
1.5850016365501713e-6;44.95461078227683
1.5851488728692454e-6;44.892129334649134
1.585295984445705e-6;44.875484274367125
1.585442971310995e-6;44.91403720299015
1.5855898334966112e-6;44.77410687907252
1.5857365710341065e-6;44.73589144981379
1.5858831839550856e-6;44.689083009620354
1.5860296722912082e-6;44.53134796556849
1.5861760360741883e-6;44.42511124934785
1.5863222753357948e-6;44.3412160591869
1.5864683901078492e-6;44.312672435492104
1.5866143804222295e-6;44.297522800024076
1.5867602463108672e-6;44.22261450813602
1.58690598780575e-6;44.13316531884266
1.5870516049389195e-6;44.04046485992296
1.5871970977424722e-6;43.863205738940465
1.587342466248561e-6;43.7520622109933
1.5874877104893933e-6;43.705130895985924
1.5876328304972316e-6;43.57210419006122
1.5877778263043947e-6;43.418893557142994
1.587922697943257e-6;43.308194664958364
1.588067445446249e-6;43.1695530694502
1.5882120688458554e-6;43.11011748981288
1.5883565681746198e-6;42.904575640680385
1.58850094346514e-6;42.777925189314416
1.58864519475007e-6;42.6578446784052
1.5887893220621213e-6;42.48390185172511
1.5889333254340616e-6;42.34694407142218
1.5890772048987151e-6;42.20918363556553
1.5892209604889622e-6;42.15161508294875
1.5893645922377419e-6;42.01915782740697
1.5895081001780482e-6;41.86504298493139
1.5896514843429333e-6;41.72281761455
1.5897947447655069e-6;41.56518864747027
1.5899378814789358e-6;41.41512482877423
1.5900808945164438e-6;41.26261318863882
1.5902237839113137e-6;41.071760390660394
1.5903665496968847e-6;40.980896903639525
1.5905091919065538e-6;40.79651477073845
1.5906517105737772e-6;40.76822423342773
1.5907941057320692e-6;40.62281069972644
1.590936377415e-6;40.523090996473236
1.5910785256562011e-6;40.393347887380855
1.5912205504893615e-6;40.20609853377705
1.5913624519482273e-6;40.09365898346245
1.5915042300666058e-6;40.00477461374455
1.591645884878361e-6;39.76166500131975
1.5917874164174179e-6;39.77632165245999
1.5919288247177585e-6;39.649663748310985
1.592070109813425e-6;39.614210940664485
1.5922112717385194e-6;39.482172935599706
1.5923523105272028e-6;39.388698215129864
1.5924932262136948e-6;39.2716497429937
1.5926340188322765e-6;39.140256516963284
1.592774688417288e-6;39.12593997752106
1.5929152350031286e-6;39.11477217106103
1.5930556586242585e-6;38.987251815894936
1.5931959593151982e-6;39.0036712865647
1.5933361371105282e-6;38.881233072979086
1.5934761920448893e-6;38.859263398014306
1.593616124152983e-6;38.84851982745998
1.5937559334695705e-6;38.8570038012833
1.5938956200294762e-6;38.85982811354973
1.5940351838675832e-6;38.72797039989599
1.594174625018836e-6;38.84851982745998
1.5943139435182414e-6;38.85813374660489
1.5944531394008652e-6;38.86265059029756
1.5945922127018378e-6;38.85191540606848
1.5947311634563481e-6;38.85813374660489
1.5948699916996476e-6;38.884603180353864
1.5950086974670507e-6;38.97627091290441
1.5951472807939316e-6;38.99765801944386
1.5952857417157293e-6;39.06065544755237
1.5954240802679423e-6;39.14396052129786
1.595562296486132e-6;39.003124969837266
1.5957003904059225e-6;39.50121347511373
