1.508551350241944e-6;45.51376796104808
1.5087554066771794e-6;45.41342064390057
1.5089593281001014e-6;45.54816120606248
1.509163114530234e-6;45.50142709079402
1.5093667659871016e-6;45.781347229478364
1.5095702824902312e-6;45.774113674854995
1.5097736640591501e-6;45.83923882319313
1.5099769107133864e-6;45.67144045195657
1.5101800224724715e-6;45.87318014514068
1.5103829993559366e-6;46.01223168749905
1.5105858413833165e-6;46.055851457844234
1.5107885485741454e-6;46.04085586881876
1.5109911209479626e-6;46.02504915187369
1.5111935585243066e-6;46.08547426867113
1.5113958613227206e-6;46.136092905701204
1.5115980293627476e-6;46.18037631658733
1.5118000626639354e-6;46.211451111960365
1.5120019612458334e-6;46.239105687622875
1.5122037251279936e-6;46.23735014880087
1.5124053543299713e-6;46.17828277617751
1.5126068488713244e-6;46.159290199373764
1.5128082087716143e-6;46.275194713376834
1.5130094340504043e-6;46.28583041843994
1.5132105247272634e-6;46.243130420833374
1.5134114808217616e-6;46.23580055441995
1.5136123023534748e-6;46.2529186779705
1.5138129893419809e-6;46.22887227449124
1.514013541806861e-6;46.239725120169965
1.5142139597677028e-6;46.18968035300037
1.514414243244096e-6;46.15223868131828
1.5146143922556343e-6;46.138840869222705
1.5148144068219172e-6;46.164545076014974
1.5150142869625473e-6;46.14559768866271
1.5152140326971327e-6;46.119356250401225
1.5154136440452854e-6;46.06939998568596
1.5156131210266225e-6;46.007769291577844
1.5158124636607657e-6;45.96564109982794
1.5160116719673428e-6;45.90362487152262
1.5162107459659853e-6;45.91654401424626
1.5164096856763303e-6;45.851221863068155
1.5166084911180218e-6;45.76675294460542
1.516807162310707e-6;45.67144045195657
1.5170056992740404e-6;45.632199555769866
1.5172041020276814e-6;45.46924970411396
1.517402370591296e-6;45.45208120686525
1.5176005049845553e-6;45.37252254250707
1.517798505227137e-6;45.25873712419152
1.5179963713387255e-6;45.15264344689605
1.5181941033390106e-6;45.02345169897973
1.5183917012476894e-6;44.91361693834273
1.518589165084465e-6;44.88536615801344
1.5187864948690472e-6;44.7479881880063
1.5189836906211537e-6;44.696600454631074
1.5191807523605074e-6;44.54661960666197
1.51937768010684e-6;44.50110481575011
1.519574473879889e-6;44.500334475925285
1.5197711336994007e-6;44.37940723145357
1.5199676595851273e-6;44.25420089084946
1.5201640515568293e-6;44.17122788878019
1.5203603096342754e-6;44.13702012781114
1.5205564338372405e-6;44.04953387586244
1.5207524241855103e-6;44.00227051043902
1.5209482806988747e-6;43.94276526767822
1.5211440033971352e-6;43.86588133907789
1.5213395923000995e-6;43.814219579673505
1.521535047427585e-6;43.778706127807425
1.5217303687994168e-6;43.72249014063955
1.5219255564354285e-6;43.671881353856264
1.5221206103554633e-6;43.62670929725667
1.5223155305793727e-6;43.6359317885827
1.5225103171270175e-6;43.56312741150645
1.5227049700182678e-6;43.589432196323344
1.5228994892730021e-6;43.567522621475575
1.523093874911109e-6;43.59190199155811
1.5232881269524869e-6;43.53627758985543
1.5234822454170426e-6;43.58277575795226
1.5236762303246943e-6;43.53570041598004
1.5238700816953689e-6;43.6359317885827
1.524063799549003e-6;43.65150901493603
1.5242573839055443e-6;43.66721723757252
1.5244508347849504e-6;43.643445860821856
1.5246441522071892e-6;43.63254620994687
1.5248373361922387e-6;43.7287519679339
1.525030386760088e-6;43.778706127807425
1.5252233039307367e-6;43.77761438702262
1.5254160877241952e-6;43.869802573277575
1.5256087381604852e-6;43.87051514472493
1.5258012552596385e-6;43.91164551697127
1.525993639041699e-6;43.897152524717676
1.5261858895267224e-6;43.94836771279156
1.5263780067347741e-6;43.955011243056255
1.5265699906859325e-6;44.05124288927149
1.5267618414002871e-6;44.01538390165943
1.5269535588979399e-6;43.995352788652966
1.5271451431990035e-6;44.04354702725426
1.5273365943236034e-6;44.06948735950354
1.5275279122918778e-6;44.12930708529595
1.527719097123976e-6;44.1303139115017
1.5279101488400604e-6;44.16973172603036
1.5281010674603054e-6;44.17039675088719
1.5282918530048993e-6;44.170230504219646
1.5284825054940407e-6;44.155409005128554
1.5286730249479445e-6;44.16773604023939
1.5288634113868357e-6;44.18002818524436
1.5290536648309535e-6;44.17604535440898
1.5292437853005506e-6;44.1077723337721
1.5294337728158929e-6;44.08816379979935
1.5296236273972601e-6;44.04303348457783
1.5298133490649435e-6;44.04200621701355
1.5300029378392516e-6;44.07475885291256
1.5301923937405042e-6;43.956059293132306
1.5303817167890355e-6;43.90917452497312
1.530570907005194e-6;43.87015887361571
1.5307599644093431e-6;43.81602372759701
1.5309488890218603e-6;43.77215156263061
1.5311376808631356e-6;43.67877506637881
1.5313263399535763e-6;43.58867197666904
1.5315148663136034e-6;43.5320431990742
1.531703259963652e-6;43.43408593803858
1.5318915209241727e-6;43.39411687131677
1.532079649215632e-6;43.274611093031425
1.5322676448585101e-6;43.16180098893453
1.5324555078733033e-6;43.04318154490056
1.5326432382805234e-6;42.95677034017465
1.5328308361006974e-6;42.84656282788515
1.533018301354368e-6;42.70702122087818
1.533205634062094e-6;42.60381487592611
1.53339283424445e-6;42.47727832909723
1.5335799019220263e-6;42.35200076969275
1.53376683711543e-6;42.221179287582224
1.533953639845284e-6;42.159018132040316
1.5341403101322265e-6;42.034680518626466
1.534326847996915e-6;41.89462239457662
1.5345132534600217e-6;41.788618871568744
1.5346995265422352e-6;41.63965982954884
1.5348856672642625e-6;41.56215882676762
1.5350716756468259e-6;41.4795443093082
1.5352575517106664e-6;41.40445188347875
1.5354432954765413e-6;41.329957006922655
1.5356289069652252e-6;41.241127921967845
1.5358143861975106e-6;41.24439010556526
1.5359997331942073e-6;41.241780554746754
1.5361849479761436e-6;41.241780554746754
1.5363700305641643e-6;41.242106834362176
1.5365549809791339e-6;41.19750623884584
1.5367397992419324e-6;41.32259689531044
1.5369244853734609e-6;41.32483825000562
1.5371090393946375e-6;41.49557791861579
1.537293461326398e-6;41.493115059079145
1.5374777511896983e-6;41.563067994940724
1.5376619090055115e-6;41.693216836818365
1.5378459347948306e-6;41.85343801582189
1.5380298285786676e-6;41.93541988566217
1.5382135903780525e-6;42.157961325898334
1.5383972202140353e-6;42.239370203199826
1.5385807181076851e-6;42.38372329028326
1.538764084080091e-6;42.54330512865347
1.5389473181523602e-6;42.69512944217916
1.5391304203456208e-6;42.83007075553755
1.5393133906810199e-6;43.009648466053946
1.5394962291797256e-6;43.10502138226795
1.5396789358629254e-6;43.29418220546587
1.539861510751826e-6;43.42462160344247
1.5400439538676556e-6;43.5281901669987
1.5402262652316624e-6;43.67318640929692
1.5404084448651159e-6;43.82161182795875
1.5405904927893044e-6;43.91640703492388
1.540772409025538e-6;44.03858023583243
1.5409541935951488e-6;44.19030029085262
1.5411358465194874e-6;44.30381470282939
1.5413173678199276e-6;44.38479059004316
1.5414987575178635e-6;44.46226401778163
1.5416800156347108e-6;44.61783560909769
1.5418611421919068e-6;44.69262225177402
1.54204213721091e-6;44.855652794828586
1.5422230007132003e-6;44.856646522502544
1.5424037327202815e-6;44.95252860071183
1.5425843332536763e-6;45.05380636000395
1.5427648023349315e-6;45.16508932026517
1.5429451399856158e-6;45.20967995333214
1.5431253462273196e-6;45.23850476986149
1.543305421081657e-6;45.3267795681758
1.5434853645702626e-6;45.38158844783081
1.5436651767147959e-6;45.42775648234625
1.5438448575369381e-6;45.43260747590362
1.544024407058393e-6;45.38850106458046
1.544203825300888e-6;45.3780650664498
1.5443831122861734e-6;45.40667267050442
1.5445622680360232e-6;45.388375478795595
1.544741292572235e-6;45.496407406322845
1.5449201859166286e-6;45.40704783310762
1.5450989480910493e-6;45.336449787987625
1.5452775791173635e-6;45.28505339146352
1.545456079017465e-6;45.3046864688893
1.545634447813269e-6;45.244869963437395
1.545812685526716e-6;45.14640710948694
1.5459907921797698e-6;45.14946005308004
1.5461687677944193e-6;44.9464151028204
1.5463466123926777e-6;44.91473755370671
1.5465243259965836e-6;44.807540917240715
1.546701908628199e-6;44.803232012413545
1.5468793603096113e-6;44.65962515279378
1.5470566810629336e-6;44.5429593073985
1.547233870910302e-6;44.38399933804706
1.5474109298738813e-6;44.29477732043453
1.5475878579758583e-6;44.175381194013276
1.5477646552384468e-6;44.08562173692906
1.5479413216838863e-6;43.96094685212617
1.5481178573344411e-6;43.771787129902435
1.5482942622124024e-6;43.63987829748491
1.5484705363400864e-6;43.429750678092454
1.5486466797398364e-6;43.339306743966574
1.5488226924340212e-6;43.173110202068116
1.5489985744450356e-6;42.95149096578918
1.549174325795302e-6;42.67242148825605
1.5493499465072675e-6;42.472119707421115
1.5495254366034086e-6;42.28323349308016
1.5497007961062248e-6;42.14684930750601
1.5498760250382466e-6;41.86334663252949
1.5500511234220287e-6;41.623552735520796
1.5502260912801543e-6;41.327078448554474
1.550400928635233e-6;41.075830311913215
1.5505756355099025e-6;40.80157310970185
1.5507502119268287e-6;40.616409340616855
1.5509246579087025e-6;40.20319840357309
1.5510989734782452e-6;39.91801798844644
1.5512731586582055e-6;39.527440240148984
1.5514472134713585e-6;39.360107957152096
1.55162113794051e-6;39.1365493508662
1.5517949320884916e-6;38.86265059029756
1.551968595938165e-6;38.57633985150008
1.552142129512419e-6;38.237349883987314
1.5523155328341726e-6;37.993405494535814
1.5524888059263717e-6;37.7232170672292
1.552661948811992e-6;37.50970984437319
1.5528349615140398e-6;37.32152418065213
1.5530078440555468e-6;37.114697818743274
1.5531805964595773e-6;36.8708284460437
1.5533532187492226e-6;36.877072796248186
1.5535257109476055e-6;36.838572054003464
1.5536980730778766e-6;36.66237095895804
1.5538703051632173e-6;36.638892986226615
1.554042407226838e-6;36.640775901850745
1.55421437929198e-6;36.79155241283354
1.5543862213819142e-6;36.85652184115524
1.5545579335199415e-6;37.10540447933297
1.5547295157293927e-6;37.27459920857909
1.5549009680336306e-6;37.32152418065213
1.5550722904560464e-6;37.50431248660202
1.5552434830200637e-6;37.717344253867694
1.555414545749136e-6;38.08075868091307
1.5555854786667486e-6;38.251663722565496
1.5557562817964163e-6;38.38723190031372
1.5559269551616864e-6;38.71339381099861
1.5560974987861375e-6;38.85248107781386
1.5562679126933777e-6;39.13866811896239
1.556438196907049e-6;39.3936947007466
1.5566083514508244e-6;39.64919294286643
1.5567783763484073e-6;39.858304898583924
1.5569482716235346e-6;40.029863408567856
1.5571180372999746e-6;40.21891873919109
1.5572876734015277e-6;40.51923916046107
1.5574571799520258e-6;40.70887144018541
1.5576265569753346e-6;40.93701784805549
1.5577958044953514e-6;41.06870544478654
1.5579649225360064e-6;41.1634203918834
1.5581339111212615e-6;41.34049542740513
1.558302770275114e-6;41.63787309962003
1.558471500021591e-6;41.79091976953994
1.558640100384755e-6;41.9512442298668
1.5588085713887e-6;42.008231487109306
1.5589769130575549e-6;42.10024073804233
1.5591451254154812e-6;42.220137501713594
1.5593132084866743e-6;42.350484378329924
1.5594811622953628e-6;42.54064452914338
1.5596489868658094e-6;42.66654962773224
1.559816682222311e-6;42.688119037397804
1.5599842483891978e-6;42.718880526604835
1.560151685390835e-6;42.84408172506198
1.5603189932516225e-6;42.954791326780175
1.5604861719959922e-6;43.0588853028431
1.5606532216484136e-6;43.18021573870186
1.5608201422333889e-6;43.179589247009524
1.5609869337754558e-6;43.16704039700036
1.5611535962991862e-6;43.22157248233077
1.5613201298291886e-6;43.28481538536472
1.5614865343901047e-6;43.35738647005051
1.5616528100066131e-6;43.42718689795545
1.5618189567034259e-6;43.38017993470888
1.561984974505293e-6;43.37359412001355
1.5621508634369983e-6;43.35357590149176
1.5623166235233619e-6;43.33185208052762
1.5624822547892395e-6;43.38894551438355
1.5626477572595237e-6;43.43250998054363
1.562813130959142e-6;43.427975914593674
1.5629783759130595e-6;43.37678848953671
1.5631434921462755e-6;43.225293943414556
1.5633084796838284e-6;43.1695530694502
1.563473338550791e-6;43.18480725174517
1.5636380687722742e-6;43.22942516353015
1.5638026703734252e-6;43.23252100171687
1.5639671433794279e-6;43.122196832739725
1.5641314878155046e-6;42.95127085252191
1.564295703706912e-6;42.84836637642396
1.5644597910789477e-6;42.782733257981675
1.5646237499569438e-6;42.774258322758605
1.5647875803662717e-6;42.725145896509524
1.564951282332339e-6;42.60786668654976
1.5651148558805929e-6;42.411977096980564
1.5652783010365177e-6;42.291953238766446
1.5654416178256345e-6;42.159810567918626
1.565604806273505e-6;42.0194306340165
1.5657678664057269e-6;41.8971484232368
1.565930798247938e-6;41.7949434100545
1.5660936018258132e-6;41.63787309962003
1.5662562771650673e-6;41.4104194093905
1.5664188242914533e-6;41.159764294548175
1.5665812432307625e-6;40.99404372345543
1.5667435340088268e-6;40.81167214713473
1.5669056966515154e-6;40.63333358951749
1.567067731184738e-6;40.511525224473814
1.5672296376344438e-6;40.30721129360462
1.5673914160266201e-6;39.98782269831736
1.5675530663872946e-6;39.70811610872518
1.5677145887425362e-6;39.39818662821379
1.5678759831184509e-6;39.14448940698554
1.5680372495411858e-6;38.993827055332645
1.5681983880369302e-6;38.715729355458784
1.5683593986319099e-6;38.39917775678681
1.5685202813523937e-6;38.04071248885661
1.5686810362246905e-6;37.50816842649754
1.5688416632751484e-6;37.288405683399716
1.569002162530158e-6;36.867256210745424
1.5691625340161495e-6;36.413749451921255
1.5693227777595943e-6;36.10553705317094
1.5694828937870055e-6;35.5834850876162
1.5696428821249366e-6;35.23746466811565
1.5698027427999824e-6;34.91081413423187
1.5699624758387796e-6;34.184670209466006
1.5701220812680067e-6;33.583156400821956
1.5702815591143833e-6;33.121773564397785
1.5704409094046705e-6;32.54306332331286
1.5706001321656721e-6;32.53822438708073
1.5707592274242336e-6;31.861083798132054
1.5709181952072424e-6;31.04487111312395
1.5710770355416285e-6;30.12415374762433
1.5712357484543643e-6;30.0987563371216
1.5713943339724647e-6;30.141003215196207
1.5715527921229866e-6;30.236639181977935
1.5717111229330316e-6;29.079485216122723
1.5718693264297412e-6;29.96949248495381
1.5720274026403025e-6;28.853612200315123
1.5721853515919444e-6;30.090257420869104
1.5723431733119393e-6;30.211892990699383
1.572500867827603e-6;30.265332645232967
1.5726584351662955e-6;31.010593549081158
1.5728158753554185e-6;31.73186268412274
1.57297318842242e-6;31.869563354654122
1.5731303743947892e-6;32.52124552505644
1.5732874333000617e-6;33.16808752053022
1.5734443651658151e-6;33.654879848909
1.573601170019673e-6;34.163075870598824
1.5737578478893024e-6;34.90379920003179
1.573914398802414e-6;35.19827993775719
1.574070822786765e-6;35.873741720730656
1.5742271198701552e-6;36.39586086673427
1.574383290080431e-6;36.85293781386784
1.5745393334454828e-6;37.1717102683231
1.5746952499932465e-6;37.55722444903458
1.5748510397517025e-6;37.890163267933744
1.5750067027488768e-6;38.23148059810694
1.5751622390128407e-6;38.710472613054996
1.575317648571712e-6;39.005855866499616
1.5754729314536534e-6;39.40217555599735
1.575628087686873e-6;39.67641564083011
1.5757831172996249e-6;40.1063911673663
1.5759380203202105e-6;40.421421830649564
1.5760927967769759e-6;40.70739562849198
1.5762474466983137e-6;40.85040706742194
1.5764019701126632e-6;41.07684719655842
1.5765563670485107e-6;41.331235754026196
1.5767106375343878e-6;41.488185146020186
1.5768647815988745e-6;41.79091976953994
1.5770187992705961e-6;41.99233930536902
1.5771726905782257e-6;42.22976449893391
1.577326455550484e-6;42.475068241499216
1.5774800942161371e-6;42.60357641636152
1.5776336066040009e-6;42.80965148097093
1.577786992742937e-6;42.95391147571983
1.5779402526618553e-6;43.06167591572845
1.5780933863897136e-6;43.17248268445319
1.5782463939555163e-6;43.3253944689011
1.5783992753883176e-6;43.53666232982902
1.5785520307172189e-6;43.77142266659079
1.5787046599713692e-6;43.90069186301637
1.5788571631799665e-6;44.0440605092127
1.5790095403722567e-6;44.09290500640455
1.5791617915775361e-6;44.1161970596323
1.5793139168251472e-6;44.17106167392593
1.5794659161444825e-6;44.28410191997335
1.5796177895649836e-6;44.42793225939769
1.5797695371161405e-6;44.54280672796099
1.5799211588274927e-6;44.6615556475221
1.5800726547286296e-6;44.75932557842307
1.5802240248491893e-6;44.84385265924494
1.5803752692188588e-6;44.889312624222526
1.5805263878673762e-6;44.92075591227207
1.5806773808245288e-6;44.92913970848403
1.5808282481201533e-6;44.97648266994226
1.580978989784137e-6;44.97302925540968
1.5811296058464166e-6;45.05163549810412
1.5812800963369813e-6;45.198411142567366
1.581430461285867e-6;45.28054966315465
1.5815807007231627e-6;45.40041518452326
1.5817308146790074e-6;45.38360052596451
1.5818808031835918e-6;45.40379534670117
1.5820306662671552e-6;45.34432273475876
1.5821804039599893e-6;45.26481433862551
1.5823300162924382e-6;45.37365681617888
1.582479503294894e-6;45.34419586492193
1.582628864997803e-6;45.41292115342369
1.5827781014316613e-6;45.442913383845664
1.582927212627018e-6;45.4383222047354
1.5830761986144724e-6;45.43136414786219
1.5832250594246772e-6;45.480821705205955
1.5833737950883352e-6;45.39427408845252
1.5835224056362027e-6;45.29070860303613
1.5836708910990882e-6;45.31069976821924
1.5838192515078513e-6;45.30238129642592
1.5839674868934057e-6;45.3220638934508
1.584115597286716e-6;45.37176619544507
1.5842635827188003e-6;45.36697293608185
1.5844114432207304e-6;45.27410765292662
1.5845591788236288e-6;45.24876242141101
1.5847067895586727e-6;45.14800021737716
1.5848542754570925e-6;45.02345169897973
1.5850016365501713e-6;44.986964218575466
1.5851488728692454e-6;44.930256326152154
1.585295984445705e-6;44.92816243246181
1.585442971310995e-6;44.98544871715603
1.5855898334966112e-6;44.84314078276703
1.5857365710341065e-6;44.80667947821794
1.5858831839550856e-6;44.795465193975645
1.5860296722912082e-6;44.618735328350766
1.5861760360741883e-6;44.513872536625
1.5863222753357948e-6;44.44279064276847
1.5864683901078492e-6;44.424013694827025
1.5866143804222295e-6;44.424327310137606
1.5867602463108672e-6;44.383366232638444
1.58690598780575e-6;44.292515033306934
1.5870516049389195e-6;44.20450859106068
1.5871970977424722e-6;44.04491617758686
1.587342466248561e-6;43.916583287224746
1.5874877104893933e-6;43.867842398736805
1.5876328304972316e-6;43.77160490206987
1.5877778263043947e-6;43.629911156235686
1.587922697943257e-6;43.540700043067275
1.588067445446249e-6;43.43861363288639
1.5882120688458554e-6;43.37119680002865
1.5883565681746198e-6;43.2166055684867
1.58850094346514e-6;43.0982172568023
1.58864519475007e-6;42.97716751264153
1.5887893220621213e-6;42.83436924527776
1.5889333254340616e-6;42.66584447066863
1.5890772048987151e-6;42.542579672238354
1.5892209604889622e-6;42.48708735600918
1.5893645922377419e-6;42.42044239369551
1.5895081001780482e-6;42.2901594276341
1.5896514843429333e-6;42.158753954612756
1.5897947447655069e-6;42.02024895104038
1.5899378814789358e-6;41.8052728291341
1.5900808945164438e-6;41.720480341802556
1.5902237839113137e-6;41.56549151331781
1.5903665496968847e-6;41.486334984893496
1.5905091919065538e-6;41.32195629573424
1.5906517105737772e-6;41.2434117077496
1.5907941057320692e-6;41.097809680135754
1.590936377415e-6;41.04111379698969
1.5910785256562011e-6;40.90363879471718
1.5912205504893615e-6;40.71108421782449
1.5913624519482273e-6;40.610753236297924
1.5915042300666058e-6;40.48014290938055
1.591645884878361e-6;40.30761590951017
1.5917874164174179e-6;40.283271984675686
1.5919288247177585e-6;40.21726664413777
1.592070109813425e-6;40.09748255948554
1.5922112717385194e-6;39.99217565530103
1.5923523105272028e-6;39.87934265232158
1.5924932262136948e-6;39.65577957910528
1.5926340188322765e-6;39.65201701025912
1.592774688417288e-6;39.51628893836639
1.5929152350031286e-6;39.51628893836639
1.5930556586242585e-6;39.3946933084353
1.5931959593151982e-6;39.30999941956152
1.5933361371105282e-6;39.27883410330707
1.5934761920448893e-6;39.20123326290724
1.593616124152983e-6;39.1270020819086
1.5937559334695705e-6;39.134959596171235
1.5938956200294762e-6;39.017851453035995
1.5940351838675832e-6;38.98286278589123
1.594174625018836e-6;38.998205024270966
1.5943139435182414e-6;38.897497752640376
1.5944531394008652e-6;38.864907251724816
1.5945922127018378e-6;38.89693791444185
1.5947311634563481e-6;38.998205024270966
1.5948699916996476e-6;38.8632148655948
1.5950086974670507e-6;38.89189612047073
1.5951472807939316e-6;38.859263398014306
1.5952857417157293e-6;39.05256048748451
1.5954240802679423e-6;39.002032130168935
1.595562296486132e-6;38.84682104206025
1.5957003904059225e-6;39.246410474171626
