1.508551350241944e-6;45.48512256341035
1.5087554066771794e-6;45.36533192158319
1.5089593281001014e-6;45.48941916664869
1.509163114530234e-6;45.42949848814179
1.5093667659871016e-6;45.69373909615046
1.5095702824902312e-6;45.6643749219507
1.5097736640591501e-6;45.7367210248058
1.5099769107133864e-6;45.56049088400382
1.5101800224724715e-6;45.72116155664275
1.5103829993559366e-6;45.85776465241712
1.5105858413833165e-6;45.91698881719829
1.5107885485741454e-6;45.92920307995615
1.5109911209479626e-6;45.902844037181616
1.5111935585243066e-6;45.86711049716716
1.5113958613227206e-6;46.00090349113409
1.5115980293627476e-6;46.024398328431886
1.5118000626639354e-6;46.042692643159775
1.5120019612458334e-6;46.05660526371362
1.5122037251279936e-6;46.02418136560929
1.5124053543299713e-6;45.9124274258351
1.5126068488713244e-6;46.009511259941746
1.5128082087716143e-6;46.0623084094039
1.5130094340504043e-6;46.04981629607431
1.5132105247272634e-6;46.01799336434531
1.5134114808217616e-6;45.996647787884164
1.5136123023534748e-6;45.99566511001618
1.5138129893419809e-6;46.0278682603088
1.514013541806861e-6;46.006680206430566
1.5142139597677028e-6;45.95452128776965
1.514414243244096e-6;45.83629453048577
1.5146143922556343e-6;45.923877443764844
1.5148144068219172e-6;45.90451708175539
1.5150142869625473e-6;45.85866633306377
1.5152140326971327e-6;45.81995143761074
1.5154136440452854e-6;45.807197486976
1.5156131210266225e-6;45.709396944137424
1.5158124636607657e-6;45.691280129498544
1.5160116719673428e-6;45.59870731446943
1.5162107459659853e-6;45.66696695116464
1.5164096856763303e-6;45.573748482413066
1.5166084911180218e-6;45.50338441927154
1.516807162310707e-6;45.409798035727334
1.5170056992740404e-6;45.41441945254525
1.5172041020276814e-6;45.24370154542359
1.517402370591296e-6;45.24525936626376
1.5176005049845553e-6;45.180267304569796
1.517798505227137e-6;45.09336958017644
1.5179963713387255e-6;45.0044231785749
1.5181941033390106e-6;44.91711790170768
1.5183917012476894e-6;44.833019523581676
1.518589165084465e-6;44.826592406833356
1.5187864948690472e-6;44.73370169288795
1.5189836906211537e-6;44.695422107716865
1.5191807523605074e-6;44.58002937560279
1.51937768010684e-6;44.544789842649635
1.519574473879889e-6;44.569426847498875
1.5197711336994007e-6;44.46443960831864
1.5199676595851273e-6;44.37877345621435
1.5201640515568293e-6;44.33897783983065
1.5203603096342754e-6;44.30784318466753
1.5205564338372405e-6;44.252080511386566
1.5207524241855103e-6;44.225241819056464
1.5209482806988747e-6;44.179530531094464
1.5211440033971352e-6;44.13148824714317
1.5213395923000995e-6;44.12997832870054
1.521535047427585e-6;44.07288905531389
1.5217303687994168e-6;44.07016791185454
1.5219255564354285e-6;44.019172505175746
1.5221206103554633e-6;44.04474505739853
1.5223155305793727e-6;44.03532304849434
1.5225103171270175e-6;43.97731497273984
1.5227049700182678e-6;44.00071498347497
1.5228994892730021e-6;44.01383306531581
1.523093874911109e-6;44.048166180754016
1.5232881269524869e-6;44.04183498212663
1.5234822454170426e-6;44.04440279679319
1.5236762303246943e-6;44.03618043992883
1.5238700816953689e-6;44.09747198741445
1.524063799549003e-6;44.10608542568368
1.5242573839055443e-6;44.12796428716543
1.5244508347849504e-6;44.12443746544761
1.5246441522071892e-6;44.119225964661986
1.5248373361922387e-6;44.162576269990225
1.525030386760088e-6;44.18897622229998
1.5252233039307367e-6;44.205663037446925
1.5254160877241952e-6;44.25974160919375
1.5256087381604852e-6;44.26950213654976
1.5258012552596385e-6;44.30123451200289
1.525993639041699e-6;44.26250931980546
1.5261858895267224e-6;44.29154512081447
1.5263780067347741e-6;44.29978248073312
1.5265699906859325e-6;44.35509919640698
1.5267618414002871e-6;44.343453125628294
1.5269535588979399e-6;44.29493886728742
1.5271451431990035e-6;44.31283331807261
1.5273365943236034e-6;44.313155065355254
1.5275279122918778e-6;44.342174943051475
1.527719097123976e-6;44.32424077481354
1.5279101488400604e-6;44.343133615249705
1.5281010674603054e-6;44.304781879320444
1.5282918530048993e-6;44.295261942966874
1.5284825054940407e-6;44.25843854656716
1.5286730249479445e-6;44.253222382812496
1.5288634113868357e-6;44.254363954090095
1.5290536648309535e-6;44.21653275711644
1.5292437853005506e-6;44.13081723708829
1.5294337728158929e-6;44.085113145752246
1.5296236273972601e-6;43.99604505689688
1.5298133490649435e-6;44.00192488592576
1.5300029378392516e-6;44.00434368009524
1.5301923937405042e-6;43.86730765209832
1.5303817167890355e-6;43.779979478619
1.530570907005194e-6;43.733901996274696
1.5307599644093431e-6;43.680450262086765
1.5309488890218603e-6;43.58810172458563
1.5311376808631356e-6;43.476812126349
1.5313263399535763e-6;43.33910543472979
1.5315148663136034e-6;43.26315374856817
1.531703259963652e-6;43.130864755178024
1.5318915209241727e-6;43.06875173644637
1.532079649215632e-6;42.894551656702845
1.5322676448585101e-6;42.75909968670912
1.5324555078733033e-6;42.604053322398244
1.5326432382805234e-6;42.508102040259814
1.5328308361006974e-6;42.35831337410518
1.533018301354368e-6;42.194797380651394
1.533205634062094e-6;42.08118740738277
1.53339283424445e-6;41.91506904624152
1.5335799019220263e-6;41.73040507551063
1.53376683711543e-6;41.60978460120009
1.533953639845284e-6;41.49249912590282
1.5341403101322265e-6;41.371641451293556
1.534326847996915e-6;41.20968565019376
1.5345132534600217e-6;41.06836587366794
1.5346995265422352e-6;40.89127629044278
1.5348856672642625e-6;40.83896602728174
1.5350716756468259e-6;40.73461729279835
1.5352575517106664e-6;40.694460838803124
1.5354432954765413e-6;40.57247580131245
1.5356289069652252e-6;40.50959459771651
1.5358143861975106e-6;40.51769746899332
1.5359997331942073e-6;40.5545478494124
1.5361849479761436e-6;40.558368510184046
1.5363700305641643e-6;40.59184617631371
1.5365549809791339e-6;40.5872962075172
1.5367397992419324e-6;40.73315020560628
1.5369244853734609e-6;40.79651477073845
1.5371090393946375e-6;40.9770838058163
1.537293461326398e-6;41.046919189002054
1.5374777511896983e-6;41.155772311285226
1.5376619090055115e-6;41.31779009369187
1.5378459347948306e-6;41.48479258163154
1.5380298285786676e-6;41.638170938993255
1.5382135903780525e-6;41.86899856567887
1.5383972202140353e-6;42.01670179646581
1.5385807181076851e-6;42.21805317996549
1.538764084080091e-6;42.42243183249302
1.5389473181523602e-6;42.598088229546285
1.5391304203456208e-6;42.723754373005455
1.5393133906810199e-6;42.95611076923876
1.5394962291797256e-6;43.06231964874957
1.5396789358629254e-6;43.308802877944316
1.539861510751826e-6;43.43132763701284
1.5400439538676556e-6;43.57610910158445
1.5402262652316624e-6;43.73298279614871
1.5404084448651159e-6;43.913233269740914
1.5405904927893044e-6;44.03120521175818
1.540772409025538e-6;44.15006753953827
1.5409541935951488e-6;44.333217116307836
1.5411358465194874e-6;44.44497600790215
1.5413173678199276e-6;44.544789842649635
1.5414987575178635e-6;44.636989309193744
1.5416800156347108e-6;44.830307012142214
1.5418611421919068e-6;44.91179532143998
1.54204213721091e-6;45.101158654267294
1.5422230007132003e-6;45.093907206423594
1.5424037327202815e-6;45.21295029251213
1.5425843332536763e-6;45.3481271074893
1.5427648023349315e-6;45.45690512112002
1.5429451399856158e-6;45.52230051136163
1.5431253462273196e-6;45.54392235497049
1.543305421081657e-6;45.64796214756419
1.5434853645702626e-6;45.68471607033241
1.5436651767147959e-6;45.75776515429534
1.5438448575369381e-6;45.77698557509259
1.544024407058393e-6;45.756726903633066
1.544203825300888e-6;45.748065148539965
1.5443831122861734e-6;45.78467291585447
1.5445622680360232e-6;45.77916694984103
1.544741292572235e-6;45.875089205947496
1.5449201859166286e-6;45.81676645960176
1.5450989480910493e-6;45.777444902942726
1.5452775791173635e-6;45.71673900552835
1.545456079017465e-6;45.73614144774024
1.545634447813269e-6;45.69010870347347
1.545812685526716e-6;45.62839849885065
1.5459907921797698e-6;45.60098007426299
1.5461687677944193e-6;45.43161284194799
1.5463466123926777e-6;45.40829814111079
1.5465243259965836e-6;45.32372133567877
1.546701908628199e-6;45.321681316937
1.5468793603096113e-6;45.15979756279428
1.5470566810629336e-6;45.05244969848502
1.547233870910302e-6;44.866712931924326
1.5474109298738813e-6;44.77381753267053
1.5475878579758583e-6;44.681109153372375
1.5477646552384468e-6;44.5763971382968
1.5479413216838863e-6;44.43747874470907
1.5481178573344411e-6;44.296231025826856
1.5482942622124024e-6;44.10692896163254
1.5484705363400864e-6;43.94836771279156
1.5486466797398364e-6;43.85838550083999
1.5488226924340212e-6;43.71363451517044
1.5489985744450356e-6;43.51854260478753
1.549174325795302e-6;43.27174958937619
1.5493499465072675e-6;43.07453248171625
1.5495254366034086e-6;42.88428094800999
1.5497007961062248e-6;42.77769610083651
1.5498760250382466e-6;42.510295385239026
1.5500511234220287e-6;42.27320982548845
1.5502260912801543e-6;41.977490676226125
1.550400928635233e-6;41.71989582702118
1.5505756355099025e-6;41.48695179285065
1.5507502119268287e-6;41.31682809461406
1.5509246579087025e-6;40.981589834605344
1.5510989734782452e-6;40.7092403147615
1.5512731586582055e-6;40.360297306565435
1.5514472134713585e-6;40.1456253812761
1.55162113794051e-6;39.98477303036506
1.5517949320884916e-6;39.73220246852234
1.551968595938165e-6;39.40914737580285
1.552142129512419e-6;39.14184433423246
1.5523155328341726e-6;38.905327919277454
1.5524888059263717e-6;38.71164132802949
1.552661948811992e-6;38.53272224020684
1.5528349615140398e-6;38.34929096460576
1.5530078440555468e-6;38.06858029518817
1.5531805964595773e-6;37.99271608349873
1.5533532187492226e-6;37.88945727023748
1.5535257109476055e-6;37.832602328729486
1.5536980730778766e-6;37.729081949712715
1.5538703051632173e-6;37.710727832211944
1.554042407226838e-6;37.717344253867694
1.55421437929198e-6;37.71660959348887
1.5543862213819142e-6;37.870351820262236
1.5545579335199415e-6;38.03252211430457
1.5547295157293927e-6;38.162412999917834
1.5549009680336306e-6;38.23865309324511
1.5550722904560464e-6;38.39037873388306
1.5552434830200637e-6;38.645110810583915
1.555414545749136e-6;38.86265059029756
1.5555854786667486e-6;39.07411360774586
1.5557562817964163e-6;39.23036668670786
1.5559269551616864e-6;39.457639231111735
1.5560974987861375e-6;39.622746046233146
1.5562679126933777e-6;39.875768947269876
1.556438196907049e-6;40.09450895798694
1.5566083514508244e-6;40.33946202990361
1.5567783763484073e-6;40.496443525692996
1.5569482716235346e-6;40.70000903802345
1.5571180372999746e-6;40.85789890327987
1.5572876734015277e-6;41.11766433052562
1.5574571799520258e-6;41.31779009369187
1.5576265569753346e-6;41.52777414797245
1.5577958044953514e-6;41.62564406523019
1.5579649225360064e-6;41.755987795183756
1.5581339111212615e-6;41.91953767152995
1.558302770275114e-6;42.15822555154372
1.558471500021591e-6;42.300911197487466
1.558640100384755e-6;42.48292122630316
1.5588085713887e-6;42.527074330072814
1.5589769130575549e-6;42.60810491066978
1.5591451254154812e-6;42.718648302193955
1.5593132084866743e-6;42.847239246361575
1.5594811622953628e-6;43.02590648306554
1.5596489868658094e-6;43.12283165791478
1.559816682222311e-6;43.14330782520869
1.5599842483891978e-6;43.179589247009524
1.560151685390835e-6;43.270931670485126
1.5603189932516225e-6;43.38934352976385
1.5604861719959922e-6;43.481685160251615
1.5606532216484136e-6;43.59854446750358
1.5608201422333889e-6;43.5604498868723
1.5609869337754558e-6;43.55872774892664
1.5611535962991862e-6;43.58296608355735
1.5613201298291886e-6;43.64494711644551
1.5614865343901047e-6;43.693272006954345
1.5616528100066131e-6;43.75572173918037
1.5618189567034259e-6;43.72396432423112
1.561984974505293e-6;43.682310833111295
1.5621508634369983e-6;43.683612758721495
1.5623166235233619e-6;43.63668378110768
1.5624822547892395e-6;43.6852860897939
1.5626477572595237e-6;43.72599050995377
1.562813130959142e-6;43.7283838749711
1.5629783759130595e-6;43.681566700349734
1.5631434921462755e-6;43.5310802614815
1.5633084796838284e-6;43.4834381147937
1.563473338550791e-6;43.48382756417916
1.5636380687722742e-6;43.53088764833948
1.5638026703734252e-6;43.52201819659416
1.5639671433794279e-6;43.409792166036354
1.5641314878155046e-6;43.263358609287515
1.564295703706912e-6;43.173737629025325
1.5644597910789477e-6;43.099493842590164
1.5646237499569438e-6;43.06725176782492
1.5647875803662717e-6;43.014206849138915
1.564951282332339e-6;42.89945516176668
1.5651148558805929e-6;42.72537777375238
1.5652783010365177e-6;42.54403046390677
1.5654416178256345e-6;42.41322302888773
1.565604806273505e-6;42.28503016659257
1.5657678664057269e-6;42.162978866303924
1.565930798247938e-6;42.07715133805567
1.5660936018258132e-6;41.86956335465412
1.5662562771650673e-6;41.72369376763842
1.5664188242914533e-6;41.41825894511075
1.5665812432307625e-6;41.25383660467706
1.5667435340088268e-6;41.07277822859771
1.5669056966515154e-6;40.900463224573556
1.567067731184738e-6;40.711821559900805
1.5672296376344438e-6;40.51191124685698
1.5673914160266201e-6;40.20609853377705
1.5675530663872946e-6;39.90161192898479
1.5677145887425362e-6;39.64259630196849
1.5678759831184509e-6;39.40466677663529
1.5680372495411858e-6;39.134959596171235
1.5681983880369302e-6;38.86265059029756
1.5683593986319099e-6;38.54973673726417
1.5685202813523937e-6;38.19214799882384
1.5686810362246905e-6;37.693034601890815
1.5688416632751484e-6;37.307015442818454
1.569002162530158e-6;37.091002815511665
1.5691625340161495e-6;36.65956029453957
1.5693227777595943e-6;36.12041744645269
1.5694828937870055e-6;35.84783378996508
1.5696428821249366e-6;35.23095838252568
1.5698027427999824e-6;34.88409688903198
1.5699624758387796e-6;34.33929765608464
1.5701220812680067e-6;33.60025089189398
1.5702815591143833e-6;33.10480891462675
1.5704409094046705e-6;32.555137128195334
1.5706001321656721e-6;32.35275876687052
1.5707592274242336e-6;31.835545336188616
1.5709181952072424e-6;31.132746924643506
1.5710770355416285e-6;30.017337128090006
1.5712357484543643e-6;30.0
1.5713943339724647e-6;30.24485667699167
1.5715527921229866e-6;30.199466816788423
1.5717111229330316e-6;29.232440186302764
1.5718693264297412e-6;29.96949248495381
1.5720274026403025e-6;29.014583213961124
1.5721853515919444e-6;30.141003215196207
1.5723431733119393e-6;30.073209529227448
1.572500867827603e-6;31.132746924643506
1.5726584351662955e-6;31.017470739463665
1.5728158753554185e-6;31.78401341533755
1.57297318842242e-6;32.47236549506764
1.5731303743947892e-6;33.12600439261259
1.5732874333000617e-6;33.654879848909
1.5734443651658151e-6;34.10608542568368
1.573601170019673e-6;34.52706226511029
1.5737578478893024e-6;34.89536629482095
1.573914398802414e-6;35.3832233323144
1.574070822786765e-6;35.94282028811806
1.5742271198701552e-6;36.527296960692475
1.574383290080431e-6;36.967057809339174
1.5745393334454828e-6;37.44449457446799
1.5746952499932465e-6;37.816835845073506
1.5748510397517025e-6;38.15710539788963
1.5750067027488768e-6;38.51991747962157
1.5751622390128407e-6;38.86716274116478
1.575317648571712e-6;39.179778825929084
1.5754729314536534e-6;39.63693405238019
1.575628087686873e-6;39.874428049358016
1.5757831172996249e-6;40.25018972282759
1.5759380203202105e-6;40.601309995310444
1.5760927967769759e-6;40.87461966171819
1.5762474466983137e-6;41.03256233355051
1.5764019701126632e-6;41.255463236711904
1.5765563670485107e-6;41.487876840563125
1.5767106375343878e-6;41.69938808941815
1.5768647815988745e-6;41.94014546374697
1.5770187992705961e-6;42.15267343431722
1.5771726905782257e-6;42.413472172381994
1.577326455550484e-6;42.66208169807691
1.5774800942161371e-6;42.769899893682314
1.5776336066040009e-6;42.97388411880627
1.577786992742937e-6;43.11859773623503
1.5779402526618553e-6;43.22508727921508
1.5780933863897136e-6;43.34815512506212
1.5782463939555163e-6;43.489081715603646
1.5783992753883176e-6;43.684542466690495
1.5785520307172189e-6;43.898037629744294
1.5787046599713692e-6;44.03154851398507
1.5788571631799665e-6;44.17106167392593
1.5790095403722567e-6;44.22014995979464
1.5791617915775361e-6;44.25061194969342
1.5793139168251472e-6;44.313155065355254
1.5794659161444825e-6;44.41522325882394
1.5796177895649836e-6;44.569881772845655
1.5797695371161405e-6;44.68317785564913
1.5799211588274927e-6;44.78118985077457
1.5800726547286296e-6;44.88437898086534
1.5802240248491893e-6;44.95572087106019
1.5803752692188588e-6;45.0149744561414
1.5805263878673762e-6;45.03872360858614
1.5806773808245288e-6;45.03926804193511
1.5808282481201533e-6;45.07734468072263
1.580978989784137e-6;45.07761449588294
1.5811296058464166e-6;45.14680544124982
1.5812800963369813e-6;45.29314835153137
1.581430461285867e-6;45.36709914228673
1.5815807007231627e-6;45.478854179133734
1.5817308146790074e-6;45.46061218173806
1.5818808031835918e-6;45.47467022426385
1.5820306662671552e-6;45.41117248421783
1.5821804039599893e-6;45.32970835487072
1.5823300162924382e-6;45.43099108002921
1.582479503294894e-6;45.401917803626226
1.582628864997803e-6;45.46048866401734
1.5827781014316613e-6;45.49027797744102
1.582927212627018e-6;45.482788340314556
1.5830761986144724e-6;45.47048223472135
1.5832250594246772e-6;45.51547581274466
1.5833737950883352e-6;45.422152440768144
1.5835224056362027e-6;45.31772605161404
1.5836708910990882e-6;45.3341614179589
1.5838192515078513e-6;45.3141504551013
1.5839674868934057e-6;45.33123563378423
1.584115597286716e-6;45.3721443854413
1.5842635827188003e-6;45.3655844257153
1.5844114432207304e-6;45.274365516886974
1.5845591788236288e-6;45.244610342154495
1.5847067895586727e-6;45.13710231475067
1.5848542754570925e-6;45.01647969106814
1.5850016365501713e-6;44.982554017821734
1.5851488728692454e-6;44.91921712586151
1.585295984445705e-6;44.902816204417576
1.585442971310995e-6;44.950167587496765
1.5855898334966112e-6;44.810554608933714
1.5857365710341065e-6;44.77497480263115
1.5858831839550856e-6;44.731072526334614
1.5860296722912082e-6;44.58093696046604
1.5861760360741883e-6;44.46971865240103
1.5863222753357948e-6;44.39206335237023
1.5864683901078492e-6;44.38194140793337
1.5866143804222295e-6;44.37829806408219
1.5867602463108672e-6;44.310902333646105
1.58690598780575e-6;44.21307716003349
1.5870516049389195e-6;44.12863573812828
1.5871970977424722e-6;43.95361344941078
1.587342466248561e-6;43.84586361485518
1.5874877104893933e-6;43.788700983989756
1.5876328304972316e-6;43.68026416113676
1.5877778263043947e-6;43.53377594888645
1.587922697943257e-6;43.43447983807231
1.588067445446249e-6;43.30028013516616
1.5882120688458554e-6;43.232108350776464
1.5883565681746198e-6;43.06467918714803
1.58850094346514e-6;42.948848870000305
1.58864519475007e-6;42.83821165943059
1.5887893220621213e-6;42.66560939286841
1.5889333254340616e-6;42.48120459883603
1.5890772048987151e-6;42.35477944612951
1.5892209604889622e-6;42.309340382843644
1.5893645922377419e-6;42.21701064384597
1.5895081001780482e-6;42.082263059355824
1.5896514843429333e-6;41.94847219631444
1.5897947447655069e-6;41.79321944913777
1.5899378814789358e-6;41.600180960066766
1.5900808945164438e-6;41.489109931093566
1.5902237839113137e-6;41.32131560165341
1.5903665496968847e-6;41.226745132061986
1.5905091919065538e-6;41.069384507381784
1.5906517105737772e-6;40.98505283201315
1.5907941057320692e-6;40.850764114720945
1.590936377415e-6;40.776948658865855
1.5910785256562011e-6;40.621681733517825
1.5912205504893615e-6;40.453229787866576
1.5913624519482273e-6;40.32135046879902
1.5915042300666058e-6;40.21767972682406
1.591645884878361e-6;40.04321373782642
1.5917874164174179e-6;40.0026049854739
1.5919288247177585e-6;39.897167199481046
1.592070109813425e-6;39.840319802711804
1.5922112717385194e-6;39.692294798626435
1.5923523105272028e-6;39.63079160641827
1.5924932262136948e-6;39.453700944903034
1.5926340188322765e-6;39.40466677663529
1.592774688417288e-6;39.260335966788446
1.5929152350031286e-6;39.26136571067449
1.5930556586242585e-6;39.16980047320382
1.5931959593151982e-6;39.139197649514664
1.5933361371105282e-6;39.133899436317556
1.5934761920448893e-6;38.99984562549391
1.593616124152983e-6;38.98889655926587
1.5937559334695705e-6;38.99437454286178
1.5938956200294762e-6;39.0036712865647
1.5940351838675832e-6;38.84908594162607
1.594174625018836e-6;38.85134966063434
1.5943139435182414e-6;38.857568810692676
1.5944531394008652e-6;38.86547123391105
1.5945922127018378e-6;38.88348010178049
1.5947311634563481e-6;39.00257858437777
1.5948699916996476e-6;38.95864351247299
1.5950086974670507e-6;38.97627091290441
1.5951472807939316e-6;39.006401839826005
1.5952857417157293e-6;39.05418068702542
1.5954240802679423e-6;39.14977472444331
1.595562296486132e-6;38.989444668665094
1.5957003904059225e-6;39.3791890264778
