1.508551350241944e-6;45.47614737452407
1.5087554066771794e-6;45.368487168535474
1.5089593281001014e-6;45.49346636005761
1.509163114530234e-6;45.433229006469126
1.5093667659871016e-6;45.70858039282002
1.5095702824902312e-6;45.68624075425273
1.5097736640591501e-6;45.76479565180249
1.5099769107133864e-6;45.59272067807396
1.5101800224724715e-6;45.759725617476676
1.5103829993559366e-6;45.90451708175539
1.5105858413833165e-6;45.963001346026104
1.5107885485741454e-6;45.96926814342971
1.5109911209479626e-6;45.94436751126765
1.5111935585243066e-6;45.93983480023773
1.5113958613227206e-6;46.05175708427769
1.5115980293627476e-6;46.08611600414611
1.5118000626639354e-6;46.10724025229824
1.5120019612458334e-6;46.12805041299721
1.5122037251279936e-6;46.1020220940222
1.5124053543299713e-6;46.0113613360707
1.5126068488713244e-6;46.067359657984184
1.5128082087716143e-6;46.15202801215409
1.5130094340504043e-6;46.14918297777849
1.5132105247272634e-6;46.11617110554336
1.5134114808217616e-6;46.09509035825711
1.5136123023534748e-6;46.10383318582762
1.5138129893419809e-6;46.11234584561987
1.514013541806861e-6;46.10873000380052
1.5142139597677028e-6;46.05251160108172
1.514414243244096e-6;45.969048408813606
1.5146143922556343e-6;46.01940543920668
1.5148144068219172e-6;46.02266232228529
1.5150142869625473e-6;45.984074586221965
1.5152140326971327e-6;45.948895496460345
1.5154136440452854e-6;45.923100242557794
1.5156131210266225e-6;45.83731393463394
1.5158124636607657e-6;45.8086797790903
1.5160116719673428e-6;45.73509801407029
1.5162107459659853e-6;45.78157666893844
1.5164096856763303e-6;45.7016919245616
1.5166084911180218e-6;45.624356227381206
1.516807162310707e-6;45.526195529397626
1.5170056992740404e-6;45.51279174416979
1.5172041020276814e-6;45.345971705459164
1.517402370591296e-6;45.34102291387776
1.5176005049845553e-6;45.2755257152753
1.517798505227137e-6;45.17789511883556
1.5179963713387255e-6;45.082064027591436
1.5181941033390106e-6;44.970955887802845
1.5183917012476894e-6;44.875484274367125
1.518589165084465e-6;44.87025189528695
1.5187864948690472e-6;44.75743806748126
1.5189836906211537e-6;44.71922154014266
1.5191807523605074e-6;44.58456540444431
1.51937768010684e-6;44.540822707310895
1.519574473879889e-6;44.55058145267178
1.5197711336994007e-6;44.453083464235846
1.5199676595851273e-6;44.338018249736
1.5201640515568293e-6;44.28798692062963
1.5203603096342754e-6;44.26218379832578
1.5205564338372405e-6;44.179696422147366
1.5207524241855103e-6;44.17072922513188
1.5209482806988747e-6;44.10861554216598
1.5211440033971352e-6;44.03806610547423
1.5213395923000995e-6;44.016245238172644
1.521535047427585e-6;43.96896449142524
1.5217303687994168e-6;43.93943539315575
1.5219255564354285e-6;43.89963036435888
1.5221206103554633e-6;43.90634881151876
1.5223155305793727e-6;43.90511198351418
1.5225103171270175e-6;43.82611312893489
1.5227049700182678e-6;43.85588401029659
1.5228994892730021e-6;43.860349947406334
1.523093874911109e-6;43.89254706848648
1.5232881269524869e-6;43.85945712730184
1.5234822454170426e-6;43.88261100540889
1.5236762303246943e-6;43.85767093626776
1.5238700816953689e-6;43.93698016665414
1.524063799549003e-6;43.94609259103546
1.5242573839055443e-6;43.954137674750186
1.5244508347849504e-6;43.947842790470375
1.5246441522071892e-6;43.94626764272209
1.5248373361922387e-6;44.000369235141136
1.525030386760088e-6;44.03858023583243
1.5252233039307367e-6;44.04132123695313
1.5254160877241952e-6;44.11501858139224
1.5256087381604852e-6;44.11788004543869
1.5258012552596385e-6;44.15240523913974
1.525993639041699e-6;44.12477347665235
1.5261858895267224e-6;44.157076866748596
1.5263780067347741e-6;44.18035992299948
1.5265699906859325e-6;44.24244421837034
1.5267618414002871e-6;44.215710245264006
1.5269535588979399e-6;44.18234981756764
1.5271451431990035e-6;44.2129125391886
1.5273365943236034e-6;44.220478647058776
1.5275279122918778e-6;44.25892724087038
1.527719097123976e-6;44.24783664419823
1.5279101488400604e-6;44.27615923618319
1.5281010674603054e-6;44.256809168286246
1.5282918530048993e-6;44.23393345135083
1.5284825054940407e-6;44.222778761641806
1.5286730249479445e-6;44.20170365728069
1.5288634113868357e-6;44.219985606833575
1.5290536648309535e-6;44.189969311557476
1.5292437853005506e-6;44.11333448612566
1.5294337728158929e-6;44.081042270760506
1.5296236273972601e-6;44.00227051043902
1.5298133490649435e-6;44.00365273349939
1.5300029378392516e-6;44.01968887695199
1.5301923937405042e-6;43.89591307455197
1.5303817167890355e-6;43.82305275193315
1.530570907005194e-6;43.76704671946979
1.5307599644093431e-6;43.72212151654062
1.5309488890218603e-6;43.66067904812481
1.5311376808631356e-6;43.5403156606429
1.5313263399535763e-6;43.431721787289376
1.5315148663136034e-6;43.36059277866349
1.531703259963652e-6;43.241589416744766
1.5318915209241727e-6;43.17059958740005
1.532079649215632e-6;43.01268791966063
1.5322676448585101e-6;42.88651577789465
1.5324555078733033e-6;42.75886960301226
1.5326432382805234e-6;42.66678465464569
1.5328308361006974e-6;42.53846646198501
1.533018301354368e-6;42.36537261488694
1.533205634062094e-6;42.26135722473644
1.53339283424445e-6;42.11627723168617
1.5335799019220263e-6;41.942367487238286
1.53376683711543e-6;41.82443185957241
1.533953639845284e-6;41.7137536674494
1.5341403101322265e-6;41.60858530679992
1.534326847996915e-6;41.443873741019374
1.5345132534600217e-6;41.32035438327499
1.5346995265422352e-6;41.165413330267455
1.5348856672642625e-6;41.086664825539714
1.5350716756468259e-6;40.999912335446844
1.5352575517106664e-6;40.934216851622345
1.5354432954765413e-6;40.83502619830267
1.5356289069652252e-6;40.749991860641984
1.5358143861975106e-6;40.753279341632584
1.5359997331942073e-6;40.80662556394182
1.5361849479761436e-6;40.7983219967722
1.5363700305641643e-6;40.790002523038495
1.5365549809791339e-6;40.78166708168154
1.5367397992419324e-6;40.93701784805549
1.5369244853734609e-6;40.96423330595271
1.5371090393946375e-6;41.12739022360173
1.537293461326398e-6;41.198165459372156
1.5374777511896983e-6;41.29464309782377
1.5376619090055115e-6;41.41919873913881
1.5378459347948306e-6;41.60468531119037
1.5380298285786676e-6;41.75511813363448
1.5382135903780525e-6;41.96949540973997
1.5383972202140353e-6;42.10104397064885
1.5385807181076851e-6;42.258001705705446
1.538764084080091e-6;42.46055196906444
1.5389473181523602e-6;42.6119147205037
1.5391304203456208e-6;42.75748884479195
1.5393133906810199e-6;42.98350837719157
1.5394962291797256e-6;43.08457694189304
1.5396789358629254e-6;43.310627006001525
1.539861510751826e-6;43.427975914593674
1.5400439538676556e-6;43.565230023418266
1.5402262652316624e-6;43.71326513861746
1.5404084448651159e-6;43.884919618358005
1.5405904927893044e-6;43.98582289334715
1.540772409025538e-6;44.110132904838736
1.5409541935951488e-6;44.28134794028789
1.5411358465194874e-6;44.39632648227259
1.5413173678199276e-6;44.48288825667122
1.5414987575178635e-6;44.57170099784619
1.5416800156347108e-6;44.757873719746414
1.5418611421919068e-6;44.83501713269355
1.54204213721091e-6;45.01798440447153
1.5422230007132003e-6;45.01387941205617
1.5424037327202815e-6;45.1213718202783
1.5425843332536763e-6;45.24655712357777
1.5427648023349315e-6;45.35635850021245
1.5429451399856158e-6;45.41292115342369
1.5431253462273196e-6;45.43496881899322
1.543305421081657e-6;45.536524739734745
1.5434853645702626e-6;45.5834850876162
1.5436651767147959e-6;45.6466606425209
1.5438448575369381e-6;45.66048397516002
1.544024407058393e-6;45.63065577760266
1.544203825300888e-6;45.62304762772441
1.5443831122861734e-6;45.658360170326816
1.5445622680360232e-6;45.647015637125044
1.544741292572235e-6;45.75234044010934
1.5449201859166286e-6;45.680138804300256
1.5450989480910493e-6;45.62863616239732
1.5452775791173635e-6;45.573989155442725
1.545456079017465e-6;45.59415822360962
1.545634447813269e-6;45.54186199069382
1.545812685526716e-6;45.462711445684405
1.5459907921797698e-6;45.44873843234801
1.5461687677944193e-6;45.264297459834225
1.5463466123926777e-6;45.2409740136345
1.5465243259965836e-6;45.1450790730204
1.546701908628199e-6;45.14999078078681
1.5468793603096113e-6;44.98751517890846
1.5470566810629336e-6;44.881839494493974
1.547233870910302e-6;44.701310647745174
1.5474109298738813e-6;44.615435446102516
1.5475878579758583e-6;44.50172098924372
1.5477646552384468e-6;44.41726548210396
1.5479413216838863e-6;44.274536494013205
1.5481178573344411e-6;44.12057146690156
1.5482942622124024e-6;43.95256480886022
1.5484705363400864e-6;43.783797292507394
1.5486466797398364e-6;43.69957607346053
1.5488226924340212e-6;43.54914786058673
1.5489985744450356e-6;43.34031315020448
1.549174325795302e-6;43.08927063394053
1.5493499465072675e-6;42.89053557592641
1.5495254366034086e-6;42.69886370278673
1.5497007961062248e-6;42.58301975656924
1.5498760250382466e-6;42.300399811579425
1.5500511234220287e-6;42.06042901092522
1.5502260912801543e-6;41.75743684421761
1.550400928635233e-6;41.523189274246455
1.5505756355099025e-6;41.28399268717806
1.5507502119268287e-6;41.07989642267512
1.5509246579087025e-6;40.74011446008945
1.5510989734782452e-6;40.4587039244936
1.5512731586582055e-6;40.1089331310438
1.5514472134713585e-6;39.8904915643822
1.55162113794051e-6;39.70439862951764
1.5517949320884916e-6;39.443345919707824
1.551968595938165e-6;39.124346333755746
1.552142129512419e-6;38.83547879268044
1.5523155328341726e-6;38.601582613182785
1.5524888059263717e-6;38.40294331611436
1.552661948811992e-6;38.20726762823834
1.5528349615140398e-6;38.007857903277625
1.5530078440555468e-6;37.765559107032615
1.5531805964595773e-6;37.65295929698056
1.5533532187492226e-6;37.52048447819439
1.5535257109476055e-6;37.49195042219672
1.5536980730778766e-6;37.38225448142505
1.5538703051632173e-6;37.35519058815171
1.554042407226838e-6;37.3559889969818
1.55421437929198e-6;37.38384123512156
1.5543862213819142e-6;37.496590320949
1.5545579335199415e-6;37.64848357193411
1.5547295157293927e-6;37.80245283865352
1.5549009680336306e-6;37.91830947674836
1.5550722904560464e-6;38.01403710017355
1.5552434830200637e-6;38.32317269922262
1.555414545749136e-6;38.50829959848531
1.5555854786667486e-6;38.75350696579289
1.5557562817964163e-6;38.91314399382143
1.5559269551616864e-6;39.132839017604184
1.5560974987861375e-6;39.29674317948588
1.5562679126933777e-6;39.5751151145448
1.556438196907049e-6;39.78226181674526
1.5566083514508244e-6;40.07320952922744
1.5567783763484073e-6;40.20195489753195
1.5569482716235346e-6;40.40681439373358
1.5571180372999746e-6;40.594119374386565
1.5572876734015277e-6;40.85825533520743
1.5574571799520258e-6;41.05714510570921
1.5576265569753346e-6;41.271047983648074
1.5577958044953514e-6;41.37005776429099
1.5579649225360064e-6;41.51584339359896
1.5581339111212615e-6;41.67169590408632
1.558302770275114e-6;41.92651070667979
1.558471500021591e-6;42.082263059355824
1.558640100384755e-6;42.261099199912735
1.5588085713887e-6;42.312146479626016
1.5589769130575549e-6;42.39674787646781
1.5591451254154812e-6;42.50956439331893
1.5593132084866743e-6;42.64510876071772
1.5594811622953628e-6;42.82780668249126
1.5596489868658094e-6;42.920787721166576
1.559816682222311e-6;42.95611076923876
1.5599842483891978e-6;42.99855814704267
1.560151685390835e-6;43.076029938260554
1.5603189932516225e-6;43.2209519286655
1.5604861719959922e-6;43.31569001202976
1.5606532216484136e-6;43.43388897462354
1.5608201422333889e-6;43.414147385018296
1.5609869337754558e-6;43.40721657313007
1.5611535962991862e-6;43.431918849014075
1.5613201298291886e-6;43.515450853061644
1.5614865343901047e-6;43.563892115442755
1.5616528100066131e-6;43.619166186686435
1.5618189567034259e-6;43.59683737236352
1.561984974505293e-6;43.565230023418266
1.5621508634369983e-6;43.562171342197345
1.5623166235233619e-6;43.525298147967256
1.5624822547892395e-6;43.57458385645036
1.5626477572595237e-6;43.60820535237942
1.562813130959142e-6;43.602335611578326
1.5629783759130595e-6;43.56236257289768
1.5631434921462755e-6;43.43467677469264
1.5633084796838284e-6;43.38097753706539
1.563473338550791e-6;43.390338408658316
1.5636380687722742e-6;43.4206720353101
1.5638026703734252e-6;43.42086959904578
1.5639671433794279e-6;43.308802877944316
1.5641314878155046e-6;43.15886415708487
1.564295703706912e-6;43.065965667972755
1.5644597910789477e-6;43.002475611940845
1.5646237499569438e-6;42.962921509948615
1.5647875803662717e-6;42.91280028591798
1.564951282332339e-6;42.80145681354221
1.5651148558805929e-6;42.623798880773634
1.5652783010365177e-6;42.48022336412354
1.5654416178256345e-6;42.346185058606345
1.565604806273505e-6;42.22508376039671
1.5657678664057269e-6;42.105057906809726
1.565930798247938e-6;41.992888280824054
1.5660936018258132e-6;41.80928319993991
1.5662562771650673e-6;41.64531296305431
1.5664188242914533e-6;41.3786028215286
1.5665812432307625e-6;41.20869940179189
1.5667435340088268e-6;40.99438915553507
1.5669056966515154e-6;40.8611057380132
1.567067731184738e-6;40.701117827821996
1.5672296376344438e-6;40.488688957399305
1.5673914160266201e-6;40.169498130975605
1.5675530663872946e-6;39.90827050567479
1.5677145887425362e-6;39.57224057843167
1.5678759831184509e-6;39.36463474004747
1.5680372495411858e-6;39.14713286973624
1.5681983880369302e-6;38.90700397698875
1.5683593986319099e-6;38.56970433482492
1.5685202813523937e-6;38.180278418592565
1.5686810362246905e-6;37.7662855342015
1.5688416632751484e-6;37.38542740928785
1.569002162530158e-6;37.100326990657535
1.5691625340161495e-6;36.69688708056208
1.5693227777595943e-6;36.19927710291468
1.5694828937870055e-6;35.86587304671755
1.5696428821249366e-6;35.45307116465824
1.5698027427999824e-6;34.933186082321015
1.5699624758387796e-6;34.46381812222442
1.5701220812680067e-6;33.91640703492388
1.5702815591143833e-6;33.31427296520743
1.5704409094046705e-6;32.94025094095323
1.5706001321656721e-6;32.48463717551032
1.5707592274242336e-6;31.71433900943008
1.5709181952072424e-6;31.146109842321728
1.5710770355416285e-6;30.606978403536118
1.5712357484543643e-6;30.141003215196207
1.5713943339724647e-6;30.170333392987803
1.5715527921229866e-6;30.153597554092144
1.5717111229330316e-6;29.523080096621253
1.5718693264297412e-6;29.722028383790647
1.5720274026403025e-6;29.02546779313991
1.5721853515919444e-6;30.187004986662433
1.5723431733119393e-6;30.16615547557177
1.572500867827603e-6;30.4493154614916
1.5726584351662955e-6;30.996806411092503
1.5728158753554185e-6;31.427022457376154
1.57297318842242e-6;31.97831693328903
1.5731303743947892e-6;32.629254693318316
1.5732874333000617e-6;33.21391278311689
1.5734443651658151e-6;33.78942698613437
1.573601170019673e-6;34.321672694425885
1.5737578478893024e-6;34.79863113023098
1.573914398802414e-6;35.14946005308004
1.574070822786765e-6;35.781806096277776
1.5742271198701552e-6;36.31139250256811
1.574383290080431e-6;36.77424437701247
1.5745393334454828e-6;37.22633922533812
1.5746952499932465e-6;37.609499514108975
1.5748510397517025e-6;37.937205568135234
1.5750067027488768e-6;38.31101564501359
1.5751622390128407e-6;38.70871895067743
1.575317648571712e-6;38.99218417851373
1.5754729314536534e-6;39.44433317700215
1.575628087686873e-6;39.698816437465
1.5757831172996249e-6;40.086853191951676
1.5759380203202105e-6;40.422604066894515
1.5760927967769759e-6;40.70887144018541
1.5762474466983137e-6;40.87000120795991
1.5764019701126632e-6;41.11128036345124
1.5765563670485107e-6;41.3325141247232
1.5767106375343878e-6;41.54149979881548
1.5768647815988745e-6;41.79436883244976
1.5770187992705961e-6;42.01424437579911
1.5771726905782257e-6;42.27295250391711
1.577326455550484e-6;42.522460504731185
1.5774800942161371e-6;42.63257227014066
1.5776336066040009e-6;42.84566077266973
1.577786992742937e-6;42.990930723617055
1.5779402526618553e-6;43.10183327571689
1.5780933863897136e-6;43.22467392131071
1.5782463939555163e-6;43.37838479364621
1.5783992753883176e-6;43.58867197666904
1.5785520307172189e-6;43.8012075426844
1.5787046599713692e-6;43.94031192348731
1.5788571631799665e-6;44.07560849486362
1.5790095403722567e-6;44.13165598345893
1.5791617915775361e-6;44.15407425450137
1.5793139168251472e-6;44.22573426295597
1.5794659161444825e-6;44.323759375398424
1.5796177895649836e-6;44.477315416359744
1.5797695371161405e-6;44.59528183583458
1.5799211588274927e-6;44.702046154177246
1.5800726547286296e-6;44.7974801476975
1.5802240248491893e-6;44.87802747851106
1.5803752692188588e-6;44.93039588317651
1.5805263878673762e-6;44.96459138121043
1.5806773808245288e-6;44.96818985699854
1.5808282481201533e-6;45.00565776862321
1.580978989784137e-6;45.00497192859225
1.5811296058464166e-6;45.08368090952337
1.5812800963369813e-6;45.23030721754672
1.581430461285867e-6;45.31236155230248
1.5815807007231627e-6;45.425142162816535
1.5817308146790074e-6;45.40867316333106
1.5818808031835918e-6;45.42800538310105
1.5820306662671552e-6;45.36621562182411
1.5821804039599893e-6;45.28788191774896
1.5823300162924382e-6;45.389756722732166
1.582479503294894e-6;45.36280607248382
1.582628864997803e-6;45.424394925234
1.5827781014316613e-6;45.45331861885158
1.582927212627018e-6;45.45109102336369
1.5830761986144724e-6;45.44365744223857
1.5832250594246772e-6;45.48954186430289
1.5833737950883352e-6;45.40279409140705
1.5835224056362027e-6;45.30007489976044
1.5836708910990882e-6;45.31606631932722
1.5838192515078513e-6;45.30148450992933
1.5839674868934057e-6;45.3220638934508
1.584115597286716e-6;45.366846726209296
1.5842635827188003e-6;45.35597893299667
1.5844114432207304e-6;45.26804343807911
1.5845591788236288e-6;45.24149367558361
1.5847067895586727e-6;45.138831856110926
1.5848542754570925e-6;45.01606922418829
1.5850016365501713e-6;44.98310553789601
1.5851488728692454e-6;44.922713579491344
1.585295984445705e-6;44.91319663302256
1.585442971310995e-6;44.96265250470046
1.5855898334966112e-6;44.838011824604884
1.5857365710341065e-6;44.80006942957151
1.5858831839550856e-6;44.76961984208253
1.5860296722912082e-6;44.609429228889596
1.5861760360741883e-6;44.501258867319535
1.5863222753357948e-6;44.426051789648014
1.5864683901078492e-6;44.409877514761575
1.5866143804222295e-6;44.39695770131648
1.5867602463108672e-6;44.35095486058288
1.58690598780575e-6;44.258764348879325
1.5870516049389195e-6;44.17372034852321
1.5871970977424722e-6;44.007451580150054
1.587342466248561e-6;43.88864632575594
1.5874877104893933e-6;43.83923028952161
1.5876328304972316e-6;43.71695749117709
1.5877778263043947e-6;43.58639051893465
1.587922697943257e-6;43.49530063796264
1.588067445446249e-6;43.37539124196711
1.5882120688458554e-6;43.301295624875245
1.5883565681746198e-6;43.14288660947498
1.58850094346514e-6;43.02677187010019
1.58864519475007e-6;42.91346646689625
1.5887893220621213e-6;42.74665769081388
1.5889333254340616e-6;42.58972331109386
1.5890772048987151e-6;42.468677218991154
1.5892209604889622e-6;42.419198531501976
1.5893645922377419e-6;42.313931234031216
1.5895081001780482e-6;42.18955417728722
1.5896514843429333e-6;42.05285583500525
1.5897947447655069e-6;41.9108755300455
1.5899378814789358e-6;41.732154147148854
1.5900808945164438e-6;41.61667412437736
1.5902237839113137e-6;41.44262773761991
1.5903665496968847e-6;41.361813269606
1.5905091919065538e-6;41.20968565019376
1.5906517105737772e-6;41.1277252110537
1.5907941057320692e-6;41.006117528337896
1.590936377415e-6;40.92229242162857
1.5910785256562011e-6;40.77731179652392
1.5912205504893615e-6;40.60773363261706
1.5913624519482273e-6;40.46768219660838
1.5915042300666058e-6;40.36668810300097
1.591645884878361e-6;40.204441553665745
1.5917874164174179e-6;40.16364679456294
1.5919288247177585e-6;40.08088936291578
1.592070109813425e-6;39.97255289820103
1.5922112717385194e-6;39.848422314052755
1.5923523105272028e-6;39.74603792087032
1.5924932262136948e-6;39.60993708942336
1.5926340188322765e-6;39.527440240148984
1.592774688417288e-6;39.42900541140294
1.5929152350031286e-6;39.42404940856107
1.5930556586242585e-6;39.31305281421673
1.5931959593151982e-6;39.26805310111606
1.5933361371105282e-6;39.20853496121259
1.5934761920448893e-6;39.150831016512
1.593616124152983e-6;39.07357608131173
1.5937559334695705e-6;39.05580028235243
1.5938956200294762e-6;39.043909200123615
1.5940351838675832e-6;38.95422546039408
1.594174625018836e-6;38.95035597452323
1.5943139435182414e-6;38.9209460269048
1.5944531394008652e-6;38.934843462184865
1.5945922127018378e-6;38.97187076580153
1.5947311634563481e-6;39.00148560719344
1.5948699916996476e-6;38.99601659146122
1.5950086974670507e-6;38.97021956060363
1.5951472807939316e-6;39.006401839826005
1.5952857417157293e-6;39.04877766963405
1.5954240802679423e-6;39.11743377855932
1.595562296486132e-6;38.98889655926587
1.5957003904059225e-6;39.3791890264778
