1.508551350241944e-6;45.4683867245147
1.5087554066771794e-6;45.33924504819994
1.5089593281001014e-6;45.46887987671178
1.509163114530234e-6;45.39941314954773
1.5093667659871016e-6;45.67085209663236
1.5095702824902312e-6;45.631130844720374
1.5097736640591501e-6;45.71487553055797
1.5099769107133864e-6;45.53312488900241
1.5101800224724715e-6;45.68541983711714
1.5103829993559366e-6;45.82654147104183
1.5105858413833165e-6;45.88820532293213
1.5107885485741454e-6;45.904070999550854
1.5109911209479626e-6;45.88249291064787
1.5111935585243066e-6;45.829946189238804
1.5113958613227206e-6;45.9713550679773
1.5115980293627476e-6;45.99708446224169
1.5118000626639354e-6;46.0182106365178
1.5120019612458334e-6;46.025699877799255
1.5122037251279936e-6;45.99260646726247
1.5124053543299713e-6;45.874415515599594
1.5126068488713244e-6;45.98768627396784
1.5128082087716143e-6;46.03404221739564
1.5130094340504043e-6;46.02211967802297
1.5132105247272634e-6;45.99195076346369
1.5134114808217616e-6;45.971025620238166
1.5136123023534748e-6;45.97179429275773
1.5138129893419809e-6;46.010055481796705
1.514013541806861e-6;45.98516935426886
1.5142139597677028e-6;45.93540807934989
1.514414243244096e-6;45.81790421990248
1.5146143922556343e-6;45.91498684505818
1.5148144068219172e-6;45.89558672041506
1.5150142869625473e-6;45.84783378996508
1.5152140326971327e-6;45.813009734403146
1.5154136440452854e-6;45.80286173002488
1.5156131210266225e-6;45.71196224924675
1.5158124636607657e-6;45.69537763411332
1.5160116719673428e-6;45.6092237925747
1.5162107459659853e-6;45.68060848956747
1.5164096856763303e-6;45.59595448664063
1.5166084911180218e-6;45.5303301620244
1.516807162310707e-6;45.44303740243067
1.5170056992740404e-6;45.44588885286461
1.5172041020276814e-6;45.27449444312584
1.517402370591296e-6;45.28248040435169
1.5176005049845553e-6;45.23499342767935
1.517798505227137e-6;45.148132949992856
1.5179963713387255e-6;45.06613254304735
1.5181941033390106e-6;44.968328200386914
1.5183917012476894e-6;44.890580369990616
1.518589165084465e-6;44.89972534035017
1.5187864948690472e-6;44.79963798978251
1.5189836906211537e-6;44.77367285224013
1.5191807523605074e-6;44.66704544030668
1.51937768010684e-6;44.625477288026644
1.519574473879889e-6;44.66111022489792
1.5197711336994007e-6;44.570791480603276
1.5199676595851273e-6;44.48134096264779
1.5201640515568293e-6;44.468632314825165
1.5203603096342754e-6;44.43482035730321
1.5205564338372405e-6;44.37449305249806
1.5207524241855103e-6;44.36544276662768
1.5209482806988747e-6;44.3244012294279
1.5211440033971352e-6;44.26641367561445
1.5213395923000995e-6;44.294131072924834
1.521535047427585e-6;44.21406475408415
1.5217303687994168e-6;44.23278649642035
1.5219255564354285e-6;44.17720739075684
1.5221206103554633e-6;44.23458871819513
1.5223155305793727e-6;44.195757810621394
1.5225103171270175e-6;44.147561464249534
1.5227049700182678e-6;44.169565453903424
1.5228994892730021e-6;44.18814847441422
1.523093874911109e-6;44.21093660217524
1.5232881269524869e-6;44.231967057406045
1.5234822454170426e-6;44.215545724198776
1.5236762303246943e-6;44.22310725001796
1.5238700816953689e-6;44.27372489549482
1.524063799549003e-6;44.278105726759904
1.5242573839055443e-6;44.29057499166248
1.5244508347849504e-6;44.308648432814586
1.5246441522071892e-6;44.299621113953634
1.5248373361922387e-6;44.32921211333212
1.525030386760088e-6;44.34680656617142
1.5252233039307367e-6;44.372113226245816
1.5254160877241952e-6;44.41962070088528
1.5256087381604852e-6;44.425895047075805
1.5258012552596385e-6;44.43654067612905
1.525993639041699e-6;44.41805069695703
1.5261858895267224e-6;44.427618904311224
1.5263780067347741e-6;44.44013550586799
1.5265699906859325e-6;44.4793286559218
1.5267618414002871e-6;44.47592108821538
1.5269535588979399e-6;44.41773662805184
1.5271451431990035e-6;44.426521983425225
1.5273365943236034e-6;44.41255120930429
1.5275279122918778e-6;44.447160273915514
1.527719097123976e-6;44.40861873577546
1.5279101488400604e-6;44.450434614501795
1.5281010674603054e-6;44.39237928332144
1.5282918530048993e-6;44.360035356698965
1.5284825054940407e-6;44.327288399232216
1.5286730249479445e-6;44.312028845565166
1.5288634113868357e-6;44.312672435492104
1.5290536648309535e-6;44.248979631844
1.5292437853005506e-6;44.15640979896154
1.5294337728158929e-6;44.10557922545942
1.5296236273972601e-6;44.019000367605855
1.5298133490649435e-6;44.00054211274874
1.5300029378392516e-6;44.00468911217488
1.5301923937405042e-6;43.86819885991967
1.5303817167890355e-6;43.783797292507394
1.530570907005194e-6;43.69512709425735
1.5307599644093431e-6;43.63799945479109
1.5309488890218603e-6;43.554515201265176
1.5311376808631356e-6;43.417905198926796
1.5313263399535763e-6;43.27726651642141
1.5315148663136034e-6;43.179589247009524
1.531703259963652e-6;43.031312325107635
1.5318915209241727e-6;42.95567099962479
1.532079649215632e-6;42.762319579218335
1.5322676448585101e-6;42.6283063485566
1.5324555078733033e-6;42.45537342935994
1.5326432382805234e-6;42.35553695852755
1.5328308361006974e-6;42.19584526214255
1.533018301354368e-6;42.00686375969617
1.533205634062094e-6;41.87125728101728
1.53339283424445e-6;41.71228996725051
1.5335799019220263e-6;41.52196582334209
1.53376683711543e-6;41.37670537236755
1.533953639845284e-6;41.24536828301277
1.5341403101322265e-6;41.128395108451144
1.534326847996915e-6;40.94960002436665
1.5345132534600217e-6;40.811311871318935
1.5346995265422352e-6;40.65019214136254
1.5348856672642625e-6;40.60320028688285
1.5350716756468259e-6;40.49528122277718
1.5352575517106664e-6;40.45557669136548
1.5354432954765413e-6;40.342673970380254
1.5356289069652252e-6;40.31125575731565
1.5358143861975106e-6;40.33061692538173
1.5359997331942073e-6;40.39374455768474
1.5361849479761436e-6;40.42811691807148
1.5363700305641643e-6;40.46768219660838
1.5365549809791339e-6;40.489465037604916
1.5367397992419324e-6;40.68334313117254
1.5369244853734609e-6;40.755834551938136
1.5371090393946375e-6;40.961797847147984
1.537293461326398e-6;41.060208191402694
1.5374777511896983e-6;41.20869940179189
1.5376619090055115e-6;41.37037454789513
1.5378459347948306e-6;41.60228357197859
1.5380298285786676e-6;41.76004391472253
1.5382135903780525e-6;42.042828125579405
1.5383972202140353e-6;42.18824238677402
1.5385807181076851e-6;42.36587640756995
1.538764084080091e-6;42.60786668654976
1.5389473181523602e-6;42.77861238225117
1.5391304203456208e-6;42.955231185474936
1.5393133906810199e-6;43.218261837685034
1.5394962291797256e-6;43.315082762863895
1.5396789358629254e-6;43.561406335181275
1.539861510751826e-6;43.69290089438681
1.5400439538676556e-6;43.8284519629626
1.5402262652316624e-6;43.98634324538392
1.5404084448651159e-6;44.155742628698455
1.5405904927893044e-6;44.30058922470643
1.540772409025538e-6;44.43043828648341
1.5409541935951488e-6;44.60341469367766
1.5411358465194874e-6;44.71658359018161
1.5413173678199276e-6;44.83501713269355
1.5414987575178635e-6;44.9352775559078
1.5416800156347108e-6;45.15569201123779
1.5418611421919068e-6;45.22952569067417
1.54204213721091e-6;45.425142162816535
1.5422230007132003e-6;45.39226695042995
1.5424037327202815e-6;45.53361074494688
1.5425843332536763e-6;45.68366020627623
1.5427648023349315e-6;45.77457330653359
1.5429451399856158e-6;45.84579967666666
1.5431253462273196e-6;45.8508831746747
1.543305421081657e-6;45.91131416423124
1.5434853645702626e-6;45.939060449728586
1.5436651767147959e-6;46.00352031418173
1.5438448575369381e-6;46.04819830978337
1.544024407058393e-6;46.043448736272
1.544203825300888e-6;46.02233674386427
1.5443831122861734e-6;46.03501625090138
1.5445622680360232e-6;46.05013982101039
1.544741292572235e-6;46.08643683632732
1.5449201859166286e-6;46.07304870773328
1.5450989480910493e-6;46.033176226401935
1.5452775791173635e-6;45.976074408030996
1.545456079017465e-6;45.96564109982794
1.545634447813269e-6;45.93983480023773
1.545812685526716e-6;45.89614540631266
1.5459907921797698e-6;45.835728091437744
1.5461687677944193e-6;45.71801968090817
1.5463466123926777e-6;45.667202513490466
1.5465243259965836e-6;45.60540256451853
1.546701908628199e-6;45.5810830163055
1.5468793603096113e-6;45.434471800817
1.5470566810629336e-6;45.31644939077263
1.547233870910302e-6;45.11094232955525
1.5474109298738813e-6;45.01579555804756
1.5475878579758583e-6;44.93973600274668
1.5477646552384468e-6;44.811558708280344
1.5479413216838863e-6;44.660367752323495
1.5481178573344411e-6;44.548905728112366
1.5482942622124024e-6;44.31685344686012
1.5484705363400864e-6;44.17139409727326
1.5486466797398364e-6;44.06846633097666
1.5488226924340212e-6;43.921867532870635
1.5489985744450356e-6;43.722305832501135
1.549174325795302e-6;43.50674348233281
1.5493499465072675e-6;43.308802877944316
1.5495254366034086e-6;43.13656346618031
1.5497007961062248e-6;43.03217663573669
1.5498760250382466e-6;42.74504222655884
1.5500511234220287e-6;42.51394850040104
1.5502260912801543e-6;42.2219604630172
1.550400928635233e-6;41.98492133677044
1.5505756355099025e-6;41.745540345208305
1.5507502119268287e-6;41.5633710087081
1.5509246579087025e-6;41.244716189194875
1.5510989734782452e-6;40.97916409237325
1.5512731586582055e-6;40.6126394230025
1.5514472134713585e-6;40.42102768037303
1.55162113794051e-6;40.26206297083118
1.5517949320884916e-6;40.0177696707744
1.551968595938165e-6;39.7285055584723
1.552142129512419e-6;39.44630701856278
1.5523155328341726e-6;39.22310163214396
1.5524888059263717e-6;39.04769625906595
1.552661948811992e-6;38.8570038012833
1.5528349615140398e-6;38.663464227496014
1.5530078440555468e-6;38.46460825129333
1.5531805964595773e-6;38.328919447597904
1.5533532187492226e-6;38.21185882608845
1.5535257109476055e-6;38.19280646972481
1.5536980730778766e-6;38.15312043524359
1.5538703051632173e-6;38.131805325860114
1.554042407226838e-6;38.116420214531516
1.55421437929198e-6;38.133808067338556
1.5543862213819142e-6;38.24516328007209
1.5545579335199415e-6;38.40545187636839
1.5547295157293927e-6;38.51258348719075
1.5549009680336306e-6;38.62429556106009
1.5550722904560464e-6;38.745977687031996
1.5552434830200637e-6;38.99875196021011
1.555414545749136e-6;39.20018916028915
1.5555854786667486e-6;39.40864975966721
1.5557562817964163e-6;39.55783928916912
1.5559269551616864e-6;39.77220446635385
1.5560974987861375e-6;39.91669007379949
1.5562679126933777e-6;40.19074729177898
1.556438196907049e-6;40.38779069555538
1.5566083514508244e-6;40.63858548853072
1.5567783763484073e-6;40.77840102734994
1.5569482716235346e-6;40.97361444565494
1.5571180372999746e-6;41.136760118971
1.5572876734015277e-6;41.387131098760115
1.5574571799520258e-6;41.583624920952495
1.5576265569753346e-6;41.76698846118572
1.5577958044953514e-6;41.86362940394731
1.5579649225360064e-6;41.98794500175598
1.5581339111212615e-6;42.142873829104005
1.558302770275114e-6;42.38998998615435
1.558471500021591e-6;42.52513226416275
1.558640100384755e-6;42.703293970898585
1.5588085713887e-6;42.72792760665684
1.5589769130575549e-6;42.82395504742525
1.5591451254154812e-6;42.90768950066558
1.5593132084866743e-6;43.03649561060314
1.5594811622953628e-6;43.21018155255266
1.5596489868658094e-6;43.29804522164069
1.559816682222311e-6;43.323374494530256
1.5599842483891978e-6;43.35798783325366
1.560151685390835e-6;43.429159170840855
1.5603189932516225e-6;43.550298563570465
1.5604861719959922e-6;43.626520879077546
1.5606532216484136e-6;43.75078064726615
1.5608201422333889e-6;43.69735215355923
1.5609869337754558e-6;43.694385154421425
1.5611535962991862e-6;43.711048219315096
1.5613201298291886e-6;43.78234328292896
1.5614865343901047e-6;43.82197210377454
1.5616528100066131e-6;43.87870132407363
1.5618189567034259e-6;43.838333116626266
1.561984974505293e-6;43.80609162634112
1.5621508634369983e-6;43.79541187752597
1.5623166235233619e-6;43.74949870524949
1.5624822547892395e-6;43.799759351326216
1.5626477572595237e-6;43.83402410491816
1.562813130959142e-6;43.822872662579016
1.5629783759130595e-6;43.77451963024575
1.5631434921462755e-6;43.63931473001837
1.5633084796838284e-6;43.58448838820213
1.563473338550791e-6;43.58410786206336
1.5636380687722742e-6;43.6202984888227
1.5638026703734252e-6;43.60498744468002
1.5639671433794279e-6;43.49258095512789
1.5641314878155046e-6;43.34393428283704
1.564295703706912e-6;43.24673350189245
1.5644597910789477e-6;43.17666442356501
1.5646237499569438e-6;43.13318735498588
1.5647875803662717e-6;43.076029938260554
1.564951282332339e-6;42.96555506088224
1.5651148558805929e-6;42.78456350394209
1.5652783010365177e-6;42.6245108973043
1.5654416178256345e-6;42.482185611900746
1.565604806273505e-6;42.3578087032756
1.5657678664057269e-6;42.23911086872275
1.565930798247938e-6;42.11707750406687
1.5660936018258132e-6;41.927903971206526
1.5662562771650673e-6;41.748154564821824
1.5664188242914533e-6;41.47119576021965
1.5665812432307625e-6;41.31105162093731
1.5667435340088268e-6;41.069723998866735
1.5669056966515154e-6;40.930713063760635
1.567067731184738e-6;40.754374615856136
1.5672296376344438e-6;40.508435809569185
1.5673914160266201e-6;40.20112569565467
1.5675530663872946e-6;39.928626713890274
1.5677145887425362e-6;39.64212472969819
1.5678759831184509e-6;39.402673914460124
1.5680372495411858e-6;39.13230871113561
1.5681983880369302e-6;38.857568810692676
1.5683593986319099e-6;38.50278552518037
1.5685202813523937e-6;38.13113754007899
1.5686810362246905e-6;37.69451179402038
1.5688416632751484e-6;37.31346975545955
1.569002162530158e-6;36.93902741066061
1.5691625340161495e-6;36.54657754649524
1.5693227777595943e-6;36.103407114521566
1.5694828937870055e-6;35.66201718854913
1.5696428821249366e-6;35.26339277389844
1.5698027427999824e-6;34.7246389660699
1.5699624758387796e-6;34.184670209466006
1.5701220812680067e-6;33.613500243522665
1.5702815591143833e-6;33.08137378638038
1.5704409094046705e-6;32.62213705476417
1.5706001321656721e-6;32.08441356438567
1.5707592274242336e-6;31.37670537236755
1.5709181952072424e-6;31.085650237328345
1.5710770355416285e-6;30.20775488193558
1.5712357484543643e-6;30.068937079479007
1.5713943339724647e-6;30.187004986662433
1.5715527921229866e-6;30.211892990699383
1.5717111229330316e-6;30.073209529227448
1.5718693264297412e-6;30.187004986662433
1.5720274026403025e-6;29.934362304976116
1.5721853515919444e-6;30.16197353512439
1.5723431733119393e-6;30.253058652647702
1.572500867827603e-6;31.10252917353403
1.5726584351662955e-6;31.473671077937865
1.5728158753554185e-6;31.903316981702915
1.57297318842242e-6;32.46252312299322
1.5731303743947892e-6;33.19730494330224
1.5732874333000617e-6;33.796680340336536
1.5734443651658151e-6;34.37274797410124
1.573601170019673e-6;34.78710755512759
1.5737578478893024e-6;35.27372082827612
1.573914398802414e-6;35.63599728881531
1.574070822786765e-6;36.2242127397567
1.5742271198701552e-6;36.73020907128896
1.574383290080431e-6;37.20572720364261
1.5745393334454828e-6;37.65817515309918
1.5746952499932465e-6;38.038666342849844
1.5748510397517025e-6;38.36577274840649
1.5750067027488768e-6;38.695837077134236
1.5751622390128407e-6;39.10410939914688
1.575317648571712e-6;39.37668314399005
1.5754729314536534e-6;39.795483747040954
1.575628087686873e-6;40.07961033336183
1.5757831172996249e-6;40.45127306568027
1.5759380203202105e-6;40.7598468474412
1.5760927967769759e-6;41.03632705209741
1.5762474466983137e-6;41.1806622171401
1.5764019701126632e-6;41.42670977910689
1.5765563670485107e-6;41.62564406523019
1.5767106375343878e-6;41.84151775723396
1.5768647815988745e-6;42.08521972931433
1.5770187992705961e-6;42.28194969963351
1.5771726905782257e-6;42.54137030885468
1.577326455550484e-6;42.79256177338507
1.5774800942161371e-6;42.88517501797074
1.5776336066040009e-6;43.100770053242606
1.577786992742937e-6;43.22880573098306
1.5779402526618553e-6;43.33830010445646
1.5780933863897136e-6;43.44961788789682
1.5782463939555163e-6;43.586200343346455
1.5783992753883176e-6;43.767958738797155
1.5785520307172189e-6;43.97592434038117
1.5787046599713692e-6;44.11451342137937
1.5788571631799665e-6;44.25142787860766
1.5790095403722567e-6;44.30397591386967
1.5791617915775361e-6;44.32022748159077
1.5793139168251472e-6;44.3919053782757
1.5794659161444825e-6;44.48025752873447
1.5796177895649836e-6;44.63280664953246
1.5797695371161405e-6;44.73880940928731
1.5799211588274927e-6;44.84328316739793
1.5800726547286296e-6;44.95474955889315
1.5802240248491893e-6;45.0231784976574
1.5803752692188588e-6;45.07801918719564
1.5805263878673762e-6;45.0931007420929
1.5806773808245288e-6;45.093638401619316
1.5808282481201533e-6;45.12537650318858
1.580978989784137e-6;45.117898105539034
1.5811296058464166e-6;45.18737609731275
1.5812800963369813e-6;45.339880083779754
1.581430461285867e-6;45.409048153170176
1.5815807007231627e-6;45.519620658640946
1.5817308146790074e-6;45.501182362696404
1.5818808031835918e-6;45.515841693604116
1.5820306662671552e-6;45.449605324682565
1.5821804039599893e-6;45.35484003226691
1.5823300162924382e-6;45.45937684641882
1.582479503294894e-6;45.42290006425407
1.582628864997803e-6;45.48512256341035
1.5827781014316613e-6;45.51596364704105
1.582927212627018e-6;45.50069286512549
1.5830761986144724e-6;45.482788340314556
1.5832250594246772e-6;45.52960080694349
1.5833737950883352e-6;45.44005997849433
1.5835224056362027e-6;45.33581425058706
1.5836708910990882e-6;45.347620050300264
1.5838192515078513e-6;45.32066094810552
1.5839674868934057e-6;45.33670397690925
1.584115597286716e-6;45.37151405048338
1.5842635827188003e-6;45.36331135983972
1.5844114432207304e-6;45.26830166234526
1.5845591788236288e-6;45.238374770764906
1.5847067895586727e-6;45.13071034256336
1.5848542754570925e-6;44.99164515495657
1.5850016365501713e-6;44.956553251478454
1.5851488728692454e-6;44.89972534035017
1.585295984445705e-6;44.880992668944046
1.585442971310995e-6;44.92397161401538
1.5855898334966112e-6;44.78912638929306
1.5857365710341065e-6;44.75031622066406
1.5858831839550856e-6;44.705868780961666
1.5860296722912082e-6;44.55530047342702
1.5861760360741883e-6;44.43747874470907
1.5863222753357948e-6;44.355258514986545
1.5864683901078492e-6;44.34776421663153
1.5866143804222295e-6;44.326646971794055
1.5867602463108672e-6;44.26527526770914
1.58690598780575e-6;44.166405073382805
1.5870516049389195e-6;44.08867203386819
1.5871970977424722e-6;43.91693577036909
1.587342466248561e-6;43.799216155042046
1.5874877104893933e-6;43.75627040254021
1.5876328304972316e-6;43.62218500326052
1.5877778263043947e-6;43.47095725894669
1.587922697943257e-6;43.37579050143133
1.588067445446249e-6;43.241177626594265
1.5882120688458554e-6;43.17436496535099
1.5883565681746198e-6;43.00356316981072
1.58850094346514e-6;42.863441764090844
1.58864519475007e-6;42.756337877510134
1.5887893220621213e-6;42.588766293721314
1.5889333254340616e-6;42.42764977752096
1.5890772048987151e-6;42.29784197840634
1.5892209604889622e-6;42.24066664334767
1.5893645922377419e-6;42.13092551252483
1.5895081001780482e-6;42.00303182981585
1.5896514843429333e-6;41.86504298493139
1.5897947447655069e-6;41.71316824656572
1.5899378814789358e-6;41.52502380461126
1.5900808945164438e-6;41.41700556997391
1.5902237839113137e-6;41.22346966255079
1.5903665496968847e-6;41.13843118937487
1.5905091919065538e-6;40.97430853944242
1.5906517105737772e-6;40.90258052931317
1.5907941057320692e-6;40.769679521979185
1.590936377415e-6;40.690017170456
1.5910785256562011e-6;40.53692938784954
1.5912205504893615e-6;40.37506177691678
1.5913624519482273e-6;40.232524596337115
1.5915042300666058e-6;40.126685338963306
1.591645884878361e-6;39.979976364080045
1.5917874164174179e-6;39.91801798844644
1.5919288247177585e-6;39.85291718592888
1.592070109813425e-6;39.7483395504854
1.5922112717385194e-6;39.63173716375252
1.5923523105272028e-6;39.54194251815863
1.5924932262136948e-6;39.3896979722289
1.5926340188322765e-6;39.326259440217825
1.592774688417288e-6;39.2236209678479
1.5929152350031286e-6;39.22673567858554
1.5930556586242585e-6;39.12009375586978
1.5931959593151982e-6;39.10731098043381
1.5933361371105282e-6;39.055260484350484
1.5934761920448893e-6;39.01294817165567
1.593616124152983e-6;38.945375849957465
1.5937559334695705e-6;38.94924977359543
1.5938956200294762e-6;38.9231726072248
1.5940351838675832e-6;38.87898488096872
1.594174625018836e-6;38.88628725385226
1.5943139435182414e-6;38.88348010178049
1.5944531394008652e-6;38.90365121448124
1.5945922127018378e-6;38.91871830445584
1.5947311634563481e-6;38.98231384513097
1.5948699916996476e-6;38.98615497416186
1.5950086974670507e-6;38.97132043382094
1.5951472807939316e-6;39.0036712865647
1.5952857417157293e-6;39.14396052129786
1.5954240802679423e-6;39.137079139804825
1.595562296486132e-6;39.05580028235243
1.5957003904059225e-6;39.48119424380536
