1.508551350241944e-6;45.478854179133734
1.5087554066771794e-6;45.336449787987625
1.5089593281001014e-6;45.462094120440085
1.509163114530234e-6;45.38724504328038
1.5093667659871016e-6;45.65493629868862
1.5095702824902312e-6;45.607433010547126
1.5097736640591501e-6;45.68670978009897
1.5099769107133864e-6;45.503139801449066
1.5101800224724715e-6;45.64488523410793
1.5103829993559366e-6;45.786048317355196
1.5105858413833165e-6;45.84873753459825
1.5107885485741454e-6;45.865535499028816
1.5109911209479626e-6;45.845573605256746
1.5111935585243066e-6;45.760186774346664
1.5113958613227206e-6;45.924543505545046
1.5115980293627476e-6;45.93806465329934
1.5118000626639354e-6;45.958267770732235
1.5120019612458334e-6;45.952977678434394
1.5122037251279936e-6;45.916766421416845
1.5124053543299713e-6;45.78581911401869
1.5126068488713244e-6;45.92920307995615
1.5128082087716143e-6;45.9492266271699
1.5130094340504043e-6;45.93507589331765
1.5132105247272634e-6;45.900500691470285
1.5134114808217616e-6;45.87968996182199
1.5136123023534748e-6;45.86778532155642
1.5138129893419809e-6;45.93053346920986
1.514013541806861e-6;45.8840617721658
1.5142139597677028e-6;45.846251784185185
1.514414243244096e-6;45.697600375863495
1.5146143922556343e-6;45.826995587717
1.5148144068219172e-6;45.78788150870558
1.5150142869625473e-6;45.73498206151935
1.5152140326971327e-6;45.695611660508035
1.5154136440452854e-6;45.703210661416776
1.5156131210266225e-6;45.59691218989585
1.5158124636607657e-6;45.59020382783312
1.5160116719673428e-6;45.49358894342465
1.5162107459659853e-6;45.58312486160559
1.5164096856763303e-6;45.48635059814751
1.5166084911180218e-6;45.43273178913283
1.516807162310707e-6;45.345083875958736
1.5170056992740404e-6;45.363437672493525
1.5172041020276814e-6;45.18961164449762
1.517402370591296e-6;45.20994167111087
1.5176005049845553e-6;45.16006230386048
1.517798505227137e-6;45.080850970979384
1.5179963713387255e-6;45.0044231785749
1.5181941033390106e-6;44.917257881557134
1.5183917012476894e-6;44.844564419054294
1.518589165084465e-6;44.868978200666945
1.5187864948690472e-6;44.772370511426665
1.5189836906211537e-6;44.767881679172746
1.5191807523605074e-6;44.65531556973549
1.51937768010684e-6;44.628320753782745
1.519574473879889e-6;44.69011558655687
1.5197711336994007e-6;44.59663837022606
1.5199676595851273e-6;44.50187501895837
1.5201640515568293e-6;44.500026301731864
1.5203603096342754e-6;44.48752683389127
1.5205564338372405e-6;44.4216608578472
1.5207524241855103e-6;44.42558154495923
1.5209482806988747e-6;44.39237928332144
1.5211440033971352e-6;44.34041682754271
1.5213395923000995e-6;44.394432274492466
1.521535047427585e-6;44.30574884046865
1.5217303687994168e-6;44.34824296268494
1.5219255564354285e-6;44.295261942966874
1.5221206103554633e-6;44.376713047707284
1.5223155305793727e-6;44.31186793318
1.5225103171270175e-6;44.28847230144255
1.5227049700182678e-6;44.30107319916718
1.5228994892730021e-6;44.341855338619716
1.523093874911109e-6;44.345210012657724
1.5232881269524869e-6;44.39711549174355
1.5234822454170426e-6;44.361467385266096
1.5236762303246943e-6;44.403579968152876
1.5238700816953689e-6;44.421817753308616
1.524063799549003e-6;44.429968516540924
1.5242573839055443e-6;44.45713152379955
1.5244508347849504e-6;44.47313108823568
1.5246441522071892e-6;44.474371309510346
1.5248373361922387e-6;44.49555531677028
1.525030386760088e-6;44.506031757612575
1.5252233039307367e-6;44.538685055562
1.5254160877241952e-6;44.56533037354098
1.5256087381604852e-6;44.58532094885551
1.5258012552596385e-6;44.58123944661062
1.525993639041699e-6;44.552256530902525
1.5261858895267224e-6;44.56092614887902
1.5263780067347741e-6;44.57972680516207
1.5265699906859325e-6;44.61888526343973
1.5267618414002871e-6;44.6181355362262
1.5269535588979399e-6;44.53685194481271
1.5271451431990035e-6;44.54173852177724
1.5273365943236034e-6;44.532877548516375
1.5275279122918778e-6;44.542654143162764
1.527719097123976e-6;44.498793386232016
1.5279101488400604e-6;44.53792135344473
1.5281010674603054e-6;44.46552699502676
1.5282918530048993e-6;44.424170505313185
1.5284825054940407e-6;44.3827330349236
1.5286730249479445e-6;44.380516115621226
1.5288634113868357e-6;44.37956566081315
1.5290536648309535e-6;44.30832635147218
1.5292437853005506e-6;44.20434364509439
1.5294337728158929e-6;44.13484174317407
1.5296236273972601e-6;44.04645595594691
1.5298133490649435e-6;44.01813957739848
1.5300029378392516e-6;44.008659607565725
1.5301923937405042e-6;43.87247411357325
1.5303817167890355e-6;43.77342683640839
1.530570907005194e-6;43.68212481187386
1.5307599644093431e-6;43.62783963469914
1.5309488890218603e-6;43.52799742563313
1.5311376808631356e-6;43.38715399363528
1.5313263399535763e-6;43.23520227754337
1.5315148663136034e-6;43.12410102994809
1.531703259963652e-6;42.957649612297715
1.5318915209241727e-6;42.8632171425687
1.532079649215632e-6;42.66537430234307
1.5322676448585101e-6;42.531925698784434
1.5324555078733033e-6;42.34745000628052
1.5326432382805234e-6;42.227944811137064
1.5328308361006974e-6;42.046625117482186
1.533018301354368e-6;41.86193249920351
1.533205634062094e-6;41.717849405541216
1.53339283424445e-6;41.48972634509205
1.5335799019220263e-6;41.3325141247232
1.53376683711543e-6;41.16474911908331
1.533953639845284e-6;40.987129305788805
1.5341403101322265e-6;40.90011024007147
1.534326847996915e-6;40.71329586860343
1.5345132534600217e-6;40.52232090252335
1.5346995265422352e-6;40.41590046889367
1.5348856672642625e-6;40.31206419827462
1.5350716756468259e-6;40.20112569565467
1.5352575517106664e-6;40.21189299069938
1.5354432954765413e-6;40.1089331310438
1.5356289069652252e-6;39.99782798454136
1.5358143861975106e-6;40.043643711077515
1.5359997331942073e-6;40.101727032867785
1.5361849479761436e-6;40.21272013951038
1.5363700305641643e-6;40.200711035338415
1.5365549809791339e-6;40.290183295464814
1.5367397992419324e-6;40.509208369354035
1.5369244853734609e-6;40.601688119451474
1.5371090393946375e-6;40.81023086451334
1.537293461326398e-6;40.90751689644903
1.5374777511896983e-6;41.07447409523609
1.5376619090055115e-6;41.237863286153726
1.5378459347948306e-6;41.49403879508583
1.5380298285786676e-6;41.714046348301295
1.5382135903780525e-6;41.973081315031024
1.5383972202140353e-6;42.157961325898334
1.5385807181076851e-6;42.34314768012676
1.538764084080091e-6;42.60786668654976
1.5389473181523602e-6;42.77815426570865
1.5391304203456208e-6;42.955890889998194
1.5393133906810199e-6;43.22384708745404
1.5394962291797256e-6;43.32922983374456
1.5396789358629254e-6;43.5822047310868
1.539861510751826e-6;43.72967206387155
1.5400439538676556e-6;43.85892134712403
1.5402262652316624e-6;44.040978706404886
1.5404084448651159e-6;44.221628856623894
1.5405904927893044e-6;44.37734712367571
1.540772409025538e-6;44.498793386232016
1.5409541935951488e-6;44.68184808873887
1.5411358465194874e-6;44.803519405777585
1.5413173678199276e-6;44.91711790170768
1.5414987575178635e-6;45.03422942737234
1.5416800156347108e-6;45.2728181034133
1.5418611421919068e-6;45.35116820802952
1.54204213721091e-6;45.54392235497049
1.5422230007132003e-6;45.517061073895995
1.5424037327202815e-6;45.66225301949697
1.5425843332536763e-6;45.814603893505115
1.5427648023349315e-6;45.90362487152262
1.5429451399856158e-6;45.981665124667785
1.5431253462273196e-6;45.985497730876254
1.543305421081657e-6;46.01994842269376
1.5434853645702626e-6;46.04560827726229
1.5436651767147959e-6;46.109049169790566
1.5438448575369381e-6;46.176921433526125
1.544024407058393e-6;46.18027166353193
1.544203825300888e-6;46.15718646710097
1.5443831122861734e-6;46.15960567133985
1.5445622680360232e-6;46.19322944883176
1.544741292572235e-6;46.19562866420828
1.5449201859166286e-6;46.20999618905931
1.5450989480910493e-6;46.16790486329716
1.5452775791173635e-6;46.1159586794718
1.545456079017465e-6;46.089643855243565
1.545634447813269e-6;46.090605499300864
1.545812685526716e-6;46.056928283323714
1.5459907921797698e-6;45.975745318111365
1.5461687677944193e-6;45.89871443615334
1.5463466123926777e-6;45.83878598498626
1.5465243259965836e-6;45.79383404213935
1.546701908628199e-6;45.75534218319865
1.5468793603096113e-6;45.63409883741345
1.5470566810629336e-6;45.50607430635131
1.547233870910302e-6;45.297254306108165
1.5474109298738813e-6;45.196048849304034
1.5475878579758583e-6;45.149061964732994
1.5477646552384468e-6;44.98544871715603
1.5479413216838863e-6;44.84484909031941
1.5481178573344411e-6;44.75845452146163
1.5482942622124024e-6;44.50172098924372
1.5484705363400864e-6;44.37369992197026
1.5486466797398364e-6;44.23786357022907
1.5488226924340212e-6;44.08833321776419
1.5489985744450356e-6;43.90829168700145
1.549174325795302e-6;43.680450262086765
1.5493499465072675e-6;43.52414080090671
1.5495254366034086e-6;43.33809874855226
1.5497007961062248e-6;43.24426510141733
1.5498760250382466e-6;42.95347148333618
1.5500511234220287e-6;42.72491400688568
1.5502260912801543e-6;42.45808676787489
1.550400928635233e-6;42.22326210990811
1.5505756355099025e-6;41.991790260511266
1.5507502119268287e-6;41.79810222878796
1.5509246579087025e-6;41.48479258163154
1.5510989734782452e-6;41.246346240191386
1.5512731586582055e-6;40.89233731365398
1.5514472134713585e-6;40.70960915800934
1.55162113794051e-6;40.516155230049904
1.5517949320884916e-6;40.32135046879902
1.551968595938165e-6;39.999565683801926
1.552142129512419e-6;39.770373352246814
1.5523155328341726e-6;39.52453396423033
1.5524888059263717e-6;39.405662864900904
1.552661948811992e-6;39.13760886412323
1.5528349615140398e-6;38.99601659146122
1.5530078440555468e-6;38.841153620116685
1.5531805964595773e-6;38.70637963210805
1.5533532187492226e-6;38.5582190540603
1.5535257109476055e-6;38.573928109209014
1.5536980730778766e-6;38.55700830835437
1.5538703051632173e-6;38.513195126487446
1.554042407226838e-6;38.42297134328065
1.55421437929198e-6;38.56789288753316
1.5543862213819142e-6;38.55276803830092
1.5545579335199415e-6;38.71806364458729
1.5547295157293927e-6;38.85474302829157
1.5549009680336306e-6;38.99711094571145
1.5550722904560464e-6;39.10571048481258
1.5552434830200637e-6;39.28293412232202
1.555414545749136e-6;39.53179601065634
1.5555854786667486e-6;39.77266212427293
1.5557562817964163e-6;39.87353388735794
1.5559269551616864e-6;40.111050298159796
1.5560974987861375e-6;40.20692678682028
1.5562679126933777e-6;40.42654253167793
1.556438196907049e-6;40.65056603356019
1.5566083514508244e-6;40.900463224573556
1.5567783763484073e-6;41.05782597814442
1.5569482716235346e-6;41.2434117077496
1.5571180372999746e-6;41.35482491335711
1.5572876734015277e-6;41.647988196934556
1.5574571799520258e-6;41.79551791165188
1.5576265569753346e-6;42.01233208680875
1.5577958044953514e-6;42.07688213335581
1.5579649225360064e-6;42.21831377489635
1.5581339111212615e-6;42.34669108188906
1.558302770275114e-6;42.609057676498
1.558471500021591e-6;42.71446613801764
1.558640100384755e-6;42.90101420759143
1.5588085713887e-6;42.92322539914916
1.5589769130575549e-6;43.01637582726872
1.5591451254154812e-6;43.10523383951521
1.5593132084866743e-6;43.22797968346387
1.5594811622953628e-6;43.391531962573595
1.5596489868658094e-6;43.46255149361386
1.559816682222311e-6;43.491026085630324
1.5599842483891978e-6;43.51950832599385
1.560151685390835e-6;43.58924215388512
1.5603189932516225e-6;43.68007805221175
1.5604861719959922e-6;43.771787129902435
1.5606532216484136e-6;43.86873349684179
1.5608201422333889e-6;43.81223415092461
1.5609869337754558e-6;43.818548276225926
1.5611535962991862e-6;43.81548256191099
1.5613201298291886e-6;43.90829168700145
1.5614865343901047e-6;43.94714279533342
1.5616528100066131e-6;44.001233554370806
1.5618189567034259e-6;43.95239001081552
1.561984974505293e-6;43.907585287387164
1.5621508634369983e-6;43.9031676847084
1.5623166235233619e-6;43.8621350371676
1.5624822547892395e-6;43.8913063030664
1.5626477572595237e-6;43.91058669254854
1.562813130959142e-6;43.91764065084441
1.5629783759130595e-6;43.87015887361571
1.5631434921462755e-6;43.726911191057695
1.5633084796838284e-6;43.6776579101491
1.563473338550791e-6;43.68007805221175
1.5636380687722742e-6;43.6839846657925
1.5638026703734252e-6;43.684356541018055
1.5639671433794279e-6;43.58296608355735
1.5641314878155046e-6;43.43290402353433
1.564295703706912e-6;43.33950804387247
1.5644597910789477e-6;43.25987466214442
1.5646237499569438e-6;43.223020096150194
1.5647875803662717e-6;43.14099063295284
1.564951282332339e-6;43.01398989173564
1.5651148558805929e-6;42.83459536376994
1.5652783010365177e-6;42.67476801134049
1.5654416178256345e-6;42.55031163345551
1.565604806273505e-6;42.425165823656044
1.5657678664057269e-6;42.296562496672124
1.565930798247938e-6;42.14340410319735
1.5660936018258132e-6;41.96176185039973
1.5662562771650673e-6;41.798389280231866
1.5664188242914533e-6;41.488185146020186
1.5665812432307625e-6;41.33443097549098
1.5667435340088268e-6;41.08057373783854
1.5669056966515154e-6;40.95622595021622
1.567067731184738e-6;40.77658549084131
1.5672296376344438e-6;40.51036695141213
1.5673914160266201e-6;40.20278394111927
1.5675530663872946e-6;39.90116766067904
1.5677145887425362e-6;39.625113935075966
1.5678759831184509e-6;39.3976877545335
1.5680372495411858e-6;39.13442954859396
1.5681983880369302e-6;38.85474302829157
1.5683593986319099e-6;38.389120274059984
1.5685202813523937e-6;38.06993513682107
1.5686810362246905e-6;37.68490105171245
1.5688416632751484e-6;37.31830420288163
1.569002162530158e-6;36.85652184115524
1.5691625340161495e-6;36.40779477344857
1.5693227777595943e-6;35.916210382133194
1.5694828937870055e-6;35.538830266438744
1.5696428821249366e-6;35.24655712357777
1.5698027427999824e-6;34.52399845911442
1.5699624758387796e-6;34.1161970596323
1.5701220812680067e-6;33.594560201209866
1.5702815591143833e-6;33.119656603683666
1.5704409094046705e-6;32.545480771089736
1.5706001321656721e-6;31.866738674997453
1.5707592274242336e-6;30.969100130080562
1.5709181952072424e-6;31.136091510730278
1.5710770355416285e-6;30.11993114659257
1.5712357484543643e-6;30.12415374762433
1.5713943339724647e-6;30.2201573981772
1.5715527921229866e-6;30.216027160282422
1.5717111229330316e-6;30.0987563371216
1.5718693264297412e-6;30.224283711854866
1.5720274026403025e-6;29.978230807457255
1.5721853515919444e-6;30.141003215196207
1.5723431733119393e-6;31.065308538223814
1.572500867827603e-6;31.10252917353403
1.5726584351662955e-6;31.80125875164054
1.5728158753554185e-6;32.49687427805301
1.57297318842242e-6;33.014640731433
1.5731303743947892e-6;33.656751404559174
1.5732874333000617e-6;34.13802516769351
1.5734443651658151e-6;34.51172157512539
1.573601170019673e-6;35.174598265402324
1.5737578478893024e-6;35.56423121371285
1.573914398802414e-6;35.848963441374494
1.574070822786765e-6;36.39386869017684
1.5742271198701552e-6;37.07655323531187
1.574383290080431e-6;37.50354088762708
1.5745393334454828e-6;37.87318756624548
1.5746952499932465e-6;38.241909406525835
1.5748510397517025e-6;38.560639533331
1.5750067027488768e-6;38.85417765110936
1.5751622390128407e-6;39.27985947099429
1.575317648571712e-6;39.5400116768157
1.5754729314536534e-6;40.0026049854739
1.575628087686873e-6;40.27064062151045
1.5757831172996249e-6;40.61979947074878
1.5759380203202105e-6;40.91455913055092
1.5760927967769759e-6;41.22346966255079
1.5762474466983137e-6;41.348462089247704
1.5764019701126632e-6;41.56912425700017
1.5765563670485107e-6;41.7949434100545
1.5767106375343878e-6;42.01752062778252
1.5768647815988745e-6;42.22300181173794
1.5770187992705961e-6;42.418949716307026
1.5771726905782257e-6;42.690457096576225
1.577326455550484e-6;42.95325147042704
1.5774800942161371e-6;43.00834519161612
1.5776336066040009e-6;43.22550059778014
1.577786992742937e-6;43.3685982091681
1.5779402526618553e-6;43.465485585484736
1.5780933863897136e-6;43.58049119986747
1.5782463939555163e-6;43.68082244006445
1.5783992753883176e-6;43.86570301700929
1.5785520307172189e-6;44.08765550624733
1.5787046599713692e-6;44.21340638300443
1.5788571631799665e-6;44.340097093697395
1.5790095403722567e-6;44.39869308078303
1.5791617915775361e-6;44.42228840568718
1.5793139168251472e-6;44.47700560434513
1.5794659161444825e-6;44.57700272218108
1.5796177895649836e-6;44.73224124130912
1.5797695371161405e-6;44.82044204016188
1.5799211588274927e-6;44.93402279262493
1.5800726547286296e-6;45.04701881045554
1.5802240248491893e-6;45.10853196298059
1.5803752692188588e-6;45.16614689845596
1.5805263878673762e-6;45.17169496267124
1.5806773808245288e-6;45.17011052455844
1.5808282481201533e-6;45.20182107706926
1.580978989784137e-6;45.187770689267744
1.5811296058464166e-6;45.2529105348568
1.5812800963369813e-6;45.40729792350642
1.581430461285867e-6;45.47134479806693
1.5815807007231627e-6;45.577958336056284
1.5817308146790074e-6;45.558921399445836
1.5818808031835918e-6;45.56929362394441
1.5820306662671552e-6;45.49787718291278
1.5821804039599893e-6;45.40316958919408
1.5823300162924382e-6;45.5057076016562
1.582479503294894e-6;45.46912643181243
1.582628864997803e-6;45.52814172921466
1.5827781014316613e-6;45.56012874559886
1.582927212627018e-6;45.53640336231354
1.5830761986144724e-6;45.51547581274466
1.5832250594246772e-6;45.55916289552948
1.5833737950883352e-6;45.46715359897217
1.5835224056362027e-6;45.35597893299667
1.5836708910990882e-6;45.37138797251263
1.5838192515078513e-6;45.34191157386517
1.5839674868934057e-6;45.35104153801393
1.584115597286716e-6;45.38762188781348
1.5842635827188003e-6;45.373908836769054
1.5844114432207304e-6;45.2750101098112
1.5845591788236288e-6;45.24837333256761
1.5847067895586727e-6;45.132708844655156
1.5848542754570925e-6;44.99164515495657
1.5850016365501713e-6;44.951139924860954
1.5851488728692454e-6;44.88818542833805
1.585295984445705e-6;44.8746362085923
1.585442971310995e-6;44.91445742697272
1.5855898334966112e-6;44.77063344928004
1.5857365710341065e-6;44.733117571189815
1.5858831839550856e-6;44.689083009620354
1.5860296722912082e-6;44.53425371271665
1.5861760360741883e-6;44.4269921263019
1.5863222753357948e-6;44.342015143775626
1.5864683901078492e-6;44.31138516024917
1.5866143804222295e-6;44.3036534858047
1.5867602463108672e-6;44.219985606833575
1.58690598780575e-6;44.13249456787503
1.5870516049389195e-6;44.040978706404886
1.5871970977424722e-6;43.859635706006976
1.587342466248561e-6;43.74455052409963
1.5874877104893933e-6;43.69512709425735
1.5876328304972316e-6;43.57038666819455
1.5877778263043947e-6;43.41018827556043
1.587922697943257e-6;43.301295624875245
1.588067445446249e-6;43.174783139230186
1.5882120688458554e-6;43.10565872283199
1.5883565681746198e-6;42.9016821987977
1.58850094346514e-6;42.77998644200288
1.58864519475007e-6;42.66208169807691
1.5887893220621213e-6;42.47924190766308
1.5889333254340616e-6;42.34314768012676
1.5890772048987151e-6;42.19191440217979
1.5892209604889622e-6;42.14075208502808
1.5893645922377419e-6;42.02515561781529
1.5895081001780482e-6;41.86815124447455
1.5896514843429333e-6;41.721941284669306
1.5897947447655069e-6;41.56972941896298
1.5899378814789358e-6;41.41637874673272
1.5900808945164438e-6;41.246020278933386
1.5902237839113137e-6;41.06768665176806
1.5903665496968847e-6;40.98297536494698
1.5905091919065538e-6;40.79976723632598
1.5906517105737772e-6;40.73094864515746
1.5907941057320692e-6;40.62393937253195
1.590936377415e-6;40.520009801013
1.5910785256562011e-6;40.32820149438564
1.5912205504893615e-6;40.203612826477084
1.5913624519482273e-6;40.07833092701319
1.5915042300666058e-6;39.99261071113101
1.591645884878361e-6;39.75431808509263
1.5917874164174179e-6;39.77494969073036
1.5919288247177585e-6;39.655309436228606
1.592070109813425e-6;39.583727324786075
1.5922112717385194e-6;39.445813642269265
1.5923523105272028e-6;39.389198122447716
1.5924932262136948e-6;39.275756546911104
1.5926340188322765e-6;39.139727115509714
1.592774688417288e-6;39.11477217106103
1.5929152350031286e-6;39.105176855172665
1.5930556586242585e-6;38.991088581933994
1.5931959593151982e-6;39.006401839826005
1.5933361371105282e-6;38.86039275566442
1.5934761920448893e-6;38.86434319628938
1.593616124152983e-6;38.84228769632604
1.5937559334695705e-6;38.85417765110936
1.5938956200294762e-6;38.85643871835764
1.5940351838675832e-6;38.721562727482926
1.594174625018836e-6;38.83774961355258
1.5943139435182414e-6;38.85982811354973
1.5944531394008652e-6;38.863779067585725
1.5945922127018378e-6;38.85134966063434
1.5947311634563481e-6;38.86885358986008
1.5948699916996476e-6;38.87561040930009
1.5950086974670507e-6;38.975721138257306
1.5951472807939316e-6;39.000939015433985
1.5952857417157293e-6;39.051480018560156
1.5954240802679423e-6;39.14290255665949
1.595562296486132e-6;38.992731873176034
1.5957003904059225e-6;39.49341206770497
