1.508551350241944e-6;45.48696448532347
1.5087554066771794e-6;45.36646807458353
1.5089593281001014e-6;45.48659616343095
1.509163114530234e-6;45.42812982812933
1.5093667659871016e-6;45.69163149570084
1.5095702824902312e-6;45.65812412788864
1.5097736640591501e-6;45.73370637909274
1.5099769107133864e-6;45.56085299221423
1.5101800224724715e-6;45.71825249040829
1.5103829993559366e-6;45.857651929172185
1.5105858413833165e-6;45.917322389518354
1.5107885485741454e-6;45.92731766393962
1.5109911209479626e-6;45.90239778308967
1.5111935585243066e-6;45.86317193033379
1.5113958613227206e-6;45.99588350209201
1.5115980293627476e-6;46.02005701124516
1.5118000626639354e-6;46.041828375531246
1.5120019612458334e-6;46.05272715323677
1.5122037251279936e-6;46.021034186048254
1.5124053543299713e-6;45.90563208684984
1.5126068488713244e-6;46.007333690291716
1.5128082087716143e-6;46.05822012156209
1.5130094340504043e-6;46.04809042259512
1.5132105247272634e-6;46.01690684040503
1.5134114808217616e-6;45.99348058502406
1.5136123023534748e-6;45.9921693423967
1.5138129893419809e-6;46.02277084300192
1.514013541806861e-6;46.000249038929866
1.5142139597677028e-6;45.949447366950835
1.514414243244096e-6;45.83402833088361
1.5146143922556343e-6;45.92554240672047
1.5148144068219172e-6;45.90306714703341
1.5150142869625473e-6;45.85426887061487
1.5152140326971327e-6;45.81665266717616
1.5154136440452854e-6;45.80434550246405
1.5156131210266225e-6;45.70858039282002
1.5158124636607657e-6;45.690460164459
1.5160116719673428e-6;45.59882696306285
1.5162107459659853e-6;45.66779136341192
1.5164096856763303e-6;45.57507201905658
1.5166084911180218e-6;45.5074186253864
1.516807162310707e-6;45.412046906832586
1.5170056992740404e-6;45.41142233721635
1.5172041020276814e-6;45.24525936626376
1.517402370591296e-6;45.249799821271196
1.5176005049845553e-6;45.1872445586936
1.517798505227137e-6;45.100085129402345
1.5179963713387255e-6;45.00990756107995
1.5181941033390106e-6;44.91851749721416
1.5183917012476894e-6;44.8428559995001
1.518589165084465e-6;44.839437142904195
1.5187864948690472e-6;44.73121863290729
1.5189836906211537e-6;44.693948724333545
1.5191807523605074e-6;44.57518571713998
1.51937768010684e-6;44.540975356467136
1.519574473879889e-6;44.58229798223567
1.5197711336994007e-6;44.48876295154121
1.5199676595851273e-6;44.37829806408219
1.5201640515568293e-6;44.34888120867316
1.5203603096342754e-6;44.333056987081235
1.5205564338372405e-6;44.26136988786424
1.5207524241855103e-6;44.253711664389414
1.5209482806988747e-6;44.207311714415724
1.5211440033971352e-6;44.137857677197374
1.5213395923000995e-6;44.145555562292145
1.521535047427585e-6;44.08765550624733
1.5217303687994168e-6;44.08189068444955
1.5219255564354285e-6;44.03566602538052
1.5221206103554633e-6;44.07237897076961
1.5223155305793727e-6;44.05209714384633
1.5225103171270175e-6;43.99517970434873
1.5227049700182678e-6;44.02433346219312
1.5228994892730021e-6;44.03618043992883
1.523093874911109e-6;44.06727482756003
1.5232881269524869e-6;44.06335758457057
1.5234822454170426e-6;44.06829613621544
1.5236762303246943e-6;44.060459958453
1.5238700816953689e-6;44.11888952395849
1.524063799549003e-6;44.11973057685323
1.5242573839055443e-6;44.14221033214868
1.5244508347849504e-6;44.146892933200455
1.5246441522071892e-6;44.13651752063699
1.5248373361922387e-6;44.18334442304983
1.525030386760088e-6;44.210442477420486
1.5252233039307367e-6;44.22376415224179
1.5254160877241952e-6;44.28280614707177
1.5256087381604852e-6;44.29219175321009
1.5258012552596385e-6;44.31379848841936
1.525993639041699e-6;44.29106008332696
1.5261858895267224e-6;44.30607111301399
1.5263780067347741e-6;44.3207092726408
1.5265699906859325e-6;44.3763959750037
1.5267618414002871e-6;44.356532853264184
1.5269535588979399e-6;44.30784318466753
1.5271451431990035e-6;44.33209608771474
1.5273365943236034e-6;44.3288915534841
1.5275279122918778e-6;44.36019449430434
1.527719097123976e-6;44.33609843323718
1.5279101488400604e-6;44.364647981416184
1.5281010674603054e-6;44.33209608771474
1.5282918530048993e-6;44.29606952703283
1.5284825054940407e-6;44.26966462630075
1.5286730249479445e-6;44.25648321926034
1.5288634113868357e-6;44.257460992957306
1.5290536648309535e-6;44.21982124765257
1.5292437853005506e-6;44.126956916035
1.5294337728158929e-6;44.07968446402159
1.5296236273972601e-6;44.004516399569454
1.5298133490649435e-6;44.00054211274874
1.5300029378392516e-6;44.0017520633539
1.5301923937405042e-6;43.86481129682074
1.5303817167890355e-6;43.80229336938037
1.530570907005194e-6;43.73463721632369
1.5307599644093431e-6;43.678961231148065
1.5309488890218603e-6;43.59114220414906
1.5311376808631356e-6;43.48694190265541
1.5313263399535763e-6;43.34694958867158
1.5315148663136034e-6;43.27604113814316
1.531703259963652e-6;43.123889493705924
1.5318915209241727e-6;43.069608628831936
1.532079649215632e-6;42.89811839117622
1.5322676448585101e-6;42.759559817537436
1.5324555078733033e-6;42.6030994579492
1.5326432382805234e-6;42.503712024344786
1.5328308361006974e-6;42.358061046021035
1.533018301354368e-6;42.19663100737022
1.533205634062094e-6;42.079035303860515
1.53339283424445e-6;41.90555792335172
1.5335799019220263e-6;41.72632116686294
1.53376683711543e-6;41.59657411247704
1.533953639845284e-6;41.489109931093566
1.5341403101322265e-6;41.3510083376572
1.534326847996915e-6;41.180993120779945
1.5345132534600217e-6;41.0636090880675
1.5346995265422352e-6;40.896578816215296
1.5348856672642625e-6;40.8188713942355
1.5350716756468259e-6;40.717347638797605
1.5352575517106664e-6;40.67033639842262
1.5354432954765413e-6;40.53270566681378
1.5356289069652252e-6;40.49373100151531
1.5358143861975106e-6;40.492955683327224
1.5359997331942073e-6;40.526554730395276
1.5361849479761436e-6;40.52809328140562
1.5363700305641643e-6;40.539615073145
1.5365549809791339e-6;40.54574755294823
1.5367397992419324e-6;40.70850253427573
1.5369244853734609e-6;40.767132446900256
1.5371090393946375e-6;40.92510111683982
1.537293461326398e-6;40.99922232196923
1.5374777511896983e-6;41.150443952584126
1.5376619090055115e-6;41.26033948051813
1.5378459347948306e-6;41.48695179285065
1.5380298285786676e-6;41.63846875794205
1.5382135903780525e-6;41.86928096934767
1.5383972202140353e-6;42.02106711390236
1.5385807181076851e-6;42.18351665745133
1.538764084080091e-6;42.415464805965485
1.5389473181523602e-6;42.57558587444218
1.5391304203456208e-6;42.712140972088335
1.5393133906810199e-6;42.95962732394023
1.5394962291797256e-6;43.064035803800415
1.5396789358629254e-6;43.29641910730211
1.539861510751826e-6;43.43447983807231
1.5400439538676556e-6;43.576871523323334
1.5402262652316624e-6;43.728015750807366
1.5404084448651159e-6;43.913762391696494
1.5405904927893044e-6;44.02759889900228
1.540772409025538e-6;44.14572275617945
1.5409541935951488e-6;44.334497937615964
1.5411358465194874e-6;44.45012287887958
1.5413173678199276e-6;44.540822707310895
1.5414987575178635e-6;44.64310665925887
1.5416800156347108e-6;44.8333049525732
1.5418611421919068e-6;44.912636162646685
1.54204213721091e-6;45.10866590733636
1.5422230007132003e-6;45.10196362380759
1.5424037327202815e-6;45.22326840754719
1.5425843332536763e-6;45.35774996292033
1.5427648023349315e-6;45.46851001781394
1.5429451399856158e-6;45.535917818703105
1.5431253462273196e-6;45.5586798899327
1.543305421081657e-6;45.659304211809555
1.5434853645702626e-6;45.70145822559101
1.5436651767147959e-6;45.77549242398238
1.5438448575369381e-6;45.795549604009985
1.544024407058393e-6;45.78398505172458
1.544203825300888e-6;45.77215969734652
1.5443831122861734e-6;45.80879378060804
1.5445622680360232e-6;45.80069222725036
1.544741292572235e-6;45.891897589878596
1.5449201859166286e-6;45.837880166895786
1.5450989480910493e-6;45.79989266348199
1.5452775791173635e-6;45.74332274231637
1.545456079017465e-6;45.76145470330555
1.545634447813269e-6;45.716622561765014
1.545812685526716e-6;45.656471471509185
1.5459907921797698e-6;45.62934907501182
1.5461687677944193e-6;45.46912643181243
1.5463466123926777e-6;45.437701402696085
1.5465243259965836e-6;45.357876437426185
1.546701908628199e-6;45.35623198149311
1.5468793603096113e-6;45.198542343413834
1.5470566810629336e-6;45.093638401619316
1.547233870910302e-6;44.90183298625871
1.5474109298738813e-6;44.813279481525754
1.5475878579758583e-6;44.722882703397566
1.5477646552384468e-6;44.62218252646241
1.5479413216838863e-6;44.47282097756976
1.5481178573344411e-6;44.342015143775626
1.5482942622124024e-6;44.141875667370904
1.5484705363400864e-6;43.99396792103312
1.5486466797398364e-6;43.89945342268887
1.5488226924340212e-6;43.752977382173384
1.5489985744450356e-6;43.565612207148796
1.549174325795302e-6;43.32579835105698
1.5493499465072675e-6;43.12283165791478
1.5495254366034086e-6;42.945764392016216
1.5497007961062248e-6;42.83436924527776
1.5498760250382466e-6;42.55513712819534
1.5500511234220287e-6;42.322589623427014
1.5502260912801543e-6;42.03141719111986
1.550400928635233e-6;41.779691360093764
1.5505756355099025e-6;41.55123393710713
1.5507502119268287e-6;41.36657161873879
1.5509246579087025e-6;41.043505192427354
1.5510989734782452e-6;40.78166708168154
1.5512731586582055e-6;40.413926851582254
1.5514472134713585e-6;40.20527012274563
1.55162113794051e-6;40.04278372200162
1.5517949320884916e-6;39.790929006383266
1.551968595938165e-6;39.47825684442451
1.552142129512419e-6;39.20384242178358
1.5523155328341726e-6;38.97627091290441
1.5524888059263717e-6;38.801273222166245
1.552661948811992e-6;38.58597344994693
1.5528349615140398e-6;38.38849090737255
1.5530078440555468e-6;38.194781283621225
1.5531805964595773e-6;38.05092878342673
1.5533532187492226e-6;37.88380515319563
1.5535257109476055e-6;37.88239097382168
1.5536980730778766e-6;37.84260582566084
1.5538703051632173e-6;37.81324455666988
1.554042407226838e-6;37.787299239961115
1.55421437929198e-6;37.83832143384441
1.5543862213819142e-6;37.88451207023456
1.5545579335199415e-6;38.06858029518817
1.5547295157293927e-6;38.21316970591097
1.5549009680336306e-6;38.30267800933642
1.5550722904560464e-6;38.39729375206388
1.5552434830200637e-6;38.691143269793756
1.555414545749136e-6;38.86208624167497
1.5555854786667486e-6;39.11636933129442
1.5557562817964163e-6;39.25415237084246
1.5559269551616864e-6;39.49536373376142
1.5560974987861375e-6;39.626534048932115
1.5562679126933777e-6;39.880682033926355
1.556438196907049e-6;40.102151252142264
1.5566083514508244e-6;40.375460120858264
1.5567783763484073e-6;40.509208369354035
1.5569482716235346e-6;40.7051809701987
1.5571180372999746e-6;40.88561311791216
1.5572876734015277e-6;41.14911084081892
1.5574571799520258e-6;41.34177107576767
1.5576265569753346e-6;41.54576116917886
1.5577958044953514e-6;41.6387665564692
1.5579649225360064e-6;41.77421057483169
1.5581339111212615e-6;41.93208108494495
1.558302770275114e-6;42.18167748420426
1.558471500021591e-6;42.33376903473896
1.558640100384755e-6;42.50639533911599
1.5588085713887e-6;42.542337826501466
1.5589769130575549e-6;42.63280914296622
1.5591451254154812e-6;42.734642726213465
1.5593132084866743e-6;42.870175013221015
1.5594811622953628e-6;43.0464129829467
1.5596489868658094e-6;43.136141595781325
1.559816682222311e-6;43.163687904089905
1.5599842483891978e-6;43.197928884804504
1.560151685390835e-6;43.282368540949165
1.5603189932516225e-6;43.40463945185634
1.5604861719959922e-6;43.500346963400574
1.5606532216484136e-6;43.62086452920395
1.5608201422333889e-6;43.57801490502868
1.5609869337754558e-6;43.574202461454156
1.5611535962991862e-6;43.59873410332742
1.5613201298291886e-6;43.66833708239003
1.5614865343901047e-6;43.7151117073
1.5616528100066131e-6;43.76996450740673
1.5618189567034259e-6;43.736107283129314
1.561984974505293e-6;43.7151117073
1.5621508634369983e-6;43.69623976640632
1.5623166235233619e-6;43.66422957225973
1.5624822547892395e-6;43.70735083715832
1.5626477572595237e-6;43.73776051370321
1.562813130959142e-6;43.73206340142947
1.5629783759130595e-6;43.68324081979958
1.5631434921462755e-6;43.557196386139616
1.5633084796838284e-6;43.50635608258955
1.563473338550791e-6;43.51680376527895
1.5636380687722742e-6;43.543581827353215
1.5638026703734252e-6;43.534545838060424
1.5639671433794279e-6;43.428961983852744
1.5641314878155046e-6;43.27604113814316
1.564295703706912e-6;43.17791816053071
1.5644597910789477e-6;43.123677947159734
1.5646237499569438e-6;43.06532247519607
1.5647875803662717e-6;43.0111684587563
1.564951282332339e-6;42.90123688274306
1.5651148558805929e-6;42.720505749886115
1.5652783010365177e-6;42.586372827240766
1.5654416178256345e-6;42.42963591821483
1.565604806273505e-6;42.318517237434165
1.5657678664057269e-6;42.21961651505041
1.565930798247938e-6;42.088174387745966
1.5660936018258132e-6;41.908637331287444
1.5662562771650673e-6;41.722525524236886
1.5664188242914533e-6;41.48756851321792
1.5665812432307625e-6;41.27558302004633
1.5667435340088268e-6;41.07888025182799
1.5669056966515154e-6;40.90258052931317
1.567067731184738e-6;40.76312687976858
1.5672296376344438e-6;40.51692641798037
1.5673914160266201e-6;40.20734085411515
1.5675530663872946e-6;39.9947853367931
1.5677145887425362e-6;39.646838149760406
1.5678759831184509e-6;39.40665872475829
1.5680372495411858e-6;39.13442954859396
1.5681983880369302e-6;38.89973638403996
1.5683593986319099e-6;38.55579722501717
1.5685202813523937e-6;38.250364412213536
1.5686810362246905e-6;37.689339421867814
1.5688416632751484e-6;37.311050512159206
1.569002162530158e-6;37.09693869727792
1.5691625340161495e-6;36.65956029453957
1.5693227777595943e-6;36.119356250401225
1.5694828937870055e-6;35.846703844643486
1.5696428821249366e-6;35.27114111639805
1.5698027427999824e-6;34.89536629482095
1.5699624758387796e-6;34.3695733066945
1.5701220812680067e-6;33.60025089189398
1.5702815591143833e-6;33.11117842662505
1.5704409094046705e-6;32.54064452914338
1.5706001321656721e-6;32.430380486862944
1.5707592274242336e-6;31.838390370564213
1.5709181952072424e-6;31.122697684172707
1.5710770355416285e-6;30.03891166236911
1.5712357484543643e-6;30.00434077479319
1.5713943339724647e-6;30.211892990699383
1.5715527921229866e-6;30.20775488193558
1.5717111229330316e-6;29.222062774390164
1.5718693264297412e-6;30.02166061756508
1.5720274026403025e-6;28.948696567452522
1.5721853515919444e-6;30.136796972911924
1.5723431733119393e-6;30.073209529227448
1.572500867827603e-6;31.10252917353403
1.5726584351662955e-6;30.989896394011772
1.5728158753554185e-6;31.792644643390254
1.57297318842242e-6;32.42044239369551
1.5731303743947892e-6;33.10480891462675
1.5732874333000617e-6;33.65300748637988
1.5734443651658151e-6;34.122925093230464
1.573601170019673e-6;34.5132580848952
1.5737578478893024e-6;34.893959217271295
1.573914398802414e-6;35.37441283407948
1.574070822786765e-6;35.92398846115564
1.5742271198701552e-6;36.503075231319364
1.574383290080431e-6;36.99490845272204
1.5745393334454828e-6;37.44762237065578
1.5746952499932465e-6;37.82472624166286
1.5748510397517025e-6;38.140477209955996
1.5750067027488768e-6;38.52235939411887
1.5751622390128407e-6;38.86208624167497
1.575317648571712e-6;39.16822284595912
1.5754729314536534e-6;39.61942883141387
1.575628087686873e-6;39.87040286979267
1.5757831172996249e-6;40.247729130796316
1.5759380203202105e-6;40.59904055884405
1.5760927967769759e-6;40.87461966171819
1.5762474466983137e-6;41.03701119589515
1.5764019701126632e-6;41.255463236711904
1.5765563670485107e-6;41.48016208239873
1.5767106375343878e-6;41.69938808941815
1.5768647815988745e-6;41.940701076211
1.5770187992705961e-6;42.146584388799184
1.5771726905782257e-6;42.4064907462068
1.577326455550484e-6;42.65383924956175
1.5774800942161371e-6;42.76507758829855
1.5776336066040009e-6;42.98372686265604
1.577786992742937e-6;43.1120269895076
1.5779402526618553e-6;43.22880573098306
1.5780933863897136e-6;43.353375252605446
1.5782463939555163e-6;43.496271540655876
1.5783992753883176e-6;43.68342679324223
1.5785520307172189e-6;43.90246045109222
1.5787046599713692e-6;44.0372090862669
1.5788571631799665e-6;44.17139409727326
1.5790095403722567e-6;44.22376415224179
1.5791617915775361e-6;44.250938339654425
1.5793139168251472e-6;44.316531973465764
1.5794659161444825e-6;44.418992767420384
1.5796177895649836e-6;44.57170099784619
1.5797695371161405e-6;44.68332558239776
1.5799211588274927e-6;44.782200761535904
1.5800726547286296e-6;44.88409688903198
1.5802240248491893e-6;44.95877215295425
1.5803752692188588e-6;45.01743729627995
1.5805263878673762e-6;45.04076488182426
1.5806773808245288e-6;45.04457269340162
1.5808282481201533e-6;45.08165971303367
1.580978989784137e-6;45.07909817970281
1.5811296058464166e-6;45.148265678551994
1.5812800963369813e-6;45.2975107994238
1.581430461285867e-6;45.37113580559027
1.5815807007231627e-6;45.48205095650741
1.5817308146790074e-6;45.465303253914556
1.5818808031835918e-6;45.48192804703312
1.5820306662671552e-6;45.41866182844564
1.5821804039599893e-6;45.335305753695806
1.5823300162924382e-6;45.43434753738492
1.582479503294894e-6;45.406297475490234
1.582628864997803e-6;45.46517986954251
1.5827781014316613e-6;45.49689738712317
1.582927212627018e-6;45.48647338252487
1.5830761986144724e-6;45.47516266351024
1.5832250594246772e-6;45.51876763132973
1.5833737950883352e-6;45.43198585637647
1.5835224056362027e-6;45.32563298334475
1.5836708910990882e-6;45.3356871319458
1.5838192515078513e-6;45.319385149847456
1.5839674868934057e-6;45.33517862016968
1.584115597286716e-6;45.376428238637494
1.5842635827188003e-6;45.3692440868234
1.5844114432207304e-6;45.2755257152753
1.5845591788236288e-6;45.24707611794013
1.5847067895586727e-6;45.14228887387589
1.5848542754570925e-6;45.02495399912551
1.5850016365501713e-6;44.989580657863854
1.5851488728692454e-6;44.91627792785056
1.585295984445705e-6;44.912075619931045
1.585442971310995e-6;44.949195032388225
1.5855898334966112e-6;44.82144385637411
1.5857365710341065e-6;44.78537637858898
1.5858831839550856e-6;44.738663557866914
1.5860296722912082e-6;44.58275156139176
1.5861760360741883e-6;44.4723557700476
1.5863222753357948e-6;44.39569517147176
1.5864683901078492e-6;44.382891343007486
1.5866143804222295e-6;44.38194140793337
1.5867602463108672e-6;44.306876689766696
1.58690598780575e-6;44.21357098513142
1.5870516049389195e-6;44.12762852275079
1.5871970977424722e-6;43.959550967881434
1.587342466248561e-6;43.84980295651304
1.5874877104893933e-6;43.79468687525911
1.5876328304972316e-6;43.681566700349734
1.5877778263043947e-6;43.5351231653885
1.587922697943257e-6;43.43802333161655
1.588067445446249e-6;43.30291991468157
1.5882120688458554e-6;43.22942516353015
1.5883565681746198e-6;43.063177811044326
1.58850094346514e-6;42.939368138872936
1.58864519475007e-6;42.83210741260384
1.5887893220621213e-6;42.66701966884088
1.5889333254340616e-6;42.482185611900746
1.5890772048987151e-6;42.355284469075485
1.5892209604889622e-6;42.29784197840634
1.5893645922377419e-6;42.20683277974345
1.5895081001780482e-6;42.08387603795154
1.5896514843429333e-6;41.94097885578952
1.5897947447655069e-6;41.79321944913777
1.5899378814789358e-6;41.58272004652084
1.5900808945164438e-6;41.48972634509205
1.5902237839113137e-6;41.29818743848935
1.5903665496968847e-6;41.20935692561132
1.5905091919065538e-6;41.069384507381784
1.5906517105737772e-6;40.98643725817057
1.5907941057320692e-6;40.836817472743014
1.590936377415e-6;40.745604678028954
1.5910785256562011e-6;40.61414778277073
1.5912205504893615e-6;40.432836655705756
1.5913624519482273e-6;40.31125575731565
1.5915042300666058e-6;40.21767972682406
1.591645884878361e-6;40.01603924149798
1.5917874164174179e-6;40.00130268805228
1.5919288247177585e-6;39.90027898770295
1.592070109813425e-6;39.786369483844744
1.5922112717385194e-6;39.65483924245139
1.5923523105272028e-6;39.58038016098337
1.5924932262136948e-6;39.42008053022313
1.5926340188322765e-6;39.37618179393824
1.592774688417288e-6;39.259305978684715
1.5929152350031286e-6;39.257245269360624
1.5930556586242585e-6;39.13601949729157
1.5931959593151982e-6;39.14078585389112
1.5933361371105282e-6;39.04769625906595
1.5934761920448893e-6;39.01131251355372
1.593616124152983e-6;38.97901874268228
1.5937559334695705e-6;38.97627091290441
1.5938956200294762e-6;38.90979596989689
1.5940351838675832e-6;38.838317133294524
1.594174625018836e-6;38.85304667588968
1.5943139435182414e-6;38.85869860903907
1.5944531394008652e-6;38.863779067585725
1.5945922127018378e-6;38.86208624167497
1.5947311634563481e-6;38.91035415315311
1.5948699916996476e-6;38.87448500249953
1.5950086974670507e-6;38.96856772737205
1.5951472807939316e-6;39.006401839826005
1.5952857417157293e-6;39.04877766963405
1.5954240802679423e-6;39.11370707116138
1.595562296486132e-6;38.989992708897894
1.5957003904059225e-6;39.37718443617264
