1.508551350241944e-6;45.541377057011715
1.5087554066771794e-6;45.4241458174664
1.5089593281001014e-6;45.57928059054024
1.509163114530234e-6;45.51327988003845
1.5093667659871016e-6;45.80434550246405
1.5095702824902312e-6;45.797607384109625
1.5097736640591501e-6;45.85336627641132
1.5099769107133864e-6;45.65989413354521
1.5101800224724715e-6;45.904182524397584
1.5103829993559366e-6;46.032526619816466
1.5105858413833165e-6;46.05854302108905
1.5107885485741454e-6;46.031985206760965
1.5109911209479626e-6;46.018645148255935
1.5111935585243066e-6;46.11128267520181
1.5113958613227206e-6;46.12985068519532
1.5115980293627476e-6;46.17713089863428
1.5118000626639354e-6;46.21061978712945
1.5120019612458334e-6;46.23807310367188
1.5122037251279936e-6;46.24807882384965
1.5124053543299713e-6;46.200631457036636
1.5126068488713244e-6;46.144437108200066
1.5128082087716143e-6;46.27918615571418
1.5130094340504043e-6;46.294197936892125
1.5132105247272634e-6;46.2394154149401
1.5134114808217616e-6;46.2489030097981
1.5136123023534748e-6;46.26309565255671
1.5138129893419809e-6;46.22794076739478
1.514013541806861e-6;46.24220196724192
1.5142139597677028e-6;46.20479605335129
1.514414243244096e-6;46.1934381288798
1.5146143922556343e-6;46.14833964658131
1.5148144068219172e-6;46.17765451720945
1.5150142869625473e-6;46.180062349855284
1.5152140326971327e-6;46.156239455010265
1.5154136440452854e-6;46.10436571618511
1.5156131210266225e-6;46.05218825278825
1.5158124636607657e-6;46.010055481796705
1.5160116719673428e-6;45.9645413973965
1.5162107459659853e-6;45.96322138680332
1.5164096856763303e-6;45.91098013009508
1.5166084911180218e-6;45.82165671549571
1.516807162310707e-6;45.74332274231637
1.5170056992740404e-6;45.69186572404375
1.5172041020276814e-6;45.549855588746624
1.517402370591296e-6;45.53810233759065
1.5176005049845553e-6;45.47269990871968
1.517798505227137e-6;45.349394491517614
1.5179963713387255e-6;45.25148506770361
1.5181941033390106e-6;45.09793728325618
1.5183917012476894e-6;44.958910796661876
1.518589165084465e-6;44.979657387799
1.5187864948690472e-6;44.78754024145899
1.5189836906211537e-6;44.77728841782553
1.5191807523605074e-6;44.626076067128515
1.51937768010684e-6;44.54661960666197
1.519574473879889e-6;44.56153389374694
1.5197711336994007e-6;44.432473369251014
1.5199676595851273e-6;44.297522800024076
1.5201640515568293e-6;44.26429925193928
1.5203603096342754e-6;44.21932813278509
1.5205564338372405e-6;44.09679570060356
1.5207524241855103e-6;44.071018452351765
1.5209482806988747e-6;44.00347997967295
1.5211440033971352e-6;43.91111613702803
1.5213395923000995e-6;43.877990094623684
1.521535047427585e-6;43.834383352566554
1.5217303687994168e-6;43.78561412018576
1.5219255564354285e-6;43.717880089022
1.5221206103554633e-6;43.69568346596548
1.5223155305793727e-6;43.705130895985924
1.5225103171270175e-6;43.609907985789214
1.5227049700182678e-6;43.65019742816535
1.5228994892730021e-6;43.61897744095881
1.523093874911109e-6;43.6554414002947
1.5232881269524869e-6;43.598354823398886
1.5234822454170426e-6;43.65338202346941
1.5236762303246943e-6;43.59550916763318
1.5238700816953689e-6;43.693643087812355
1.524063799549003e-6;43.69494162118099
1.5242573839055443e-6;43.69846425586201
1.5244508347849504e-6;43.69494162118099
1.5246441522071892e-6;43.66292182210539
1.5248373361922387e-6;43.74638384120188
1.525030386760088e-6;43.805910832268324
1.5252233039307367e-6;43.790697197927464
1.5254160877241952e-6;43.894318975821975
1.5256087381604852e-6;43.87976794990437
1.5258012552596385e-6;43.94871762576109
1.525993639041699e-6;43.92063511718452
1.5261858895267224e-6;43.96426028018102
1.5263780067347741e-6;43.981484200086314
1.5265699906859325e-6;44.059777883015734
1.5267618414002871e-6;44.0372090862669
1.5269535588979399e-6;44.00296167695898
1.5271451431990035e-6;44.051584611265454
1.5273365943236034e-6;44.06829613621544
1.5275279122918778e-6;44.137187650610784
1.527719097123976e-6;44.13132050434872
1.5279101488400604e-6;44.17637739652229
1.5281010674603054e-6;44.16923289055086
1.5282918530048993e-6;44.16690423375564
1.5284825054940407e-6;44.16024404026534
1.5286730249479445e-6;44.16890030173012
1.5288634113868357e-6;44.20994829643958
1.5290536648309535e-6;44.170230504219646
1.5292437853005506e-6;44.10389146513233
1.5294337728158929e-6;44.11114418550905
1.5296236273972601e-6;44.02553680353251
1.5298133490649435e-6;44.04953387586244
1.5300029378392516e-6;44.08138165612535
1.5301923937405042e-6;43.96338857049362
1.5303817167890355e-6;43.89839162125274
1.530570907005194e-6;43.85534778910209
1.5307599644093431e-6;43.820170425748685
1.5309488890218603e-6;43.77634034247592
1.5311376808631356e-6;43.712895730645556
1.5313263399535763e-6;43.616711852165594
1.5315148663136034e-6;43.55987591676388
1.531703259963652e-6;43.46333411195522
1.5318915209241727e-6;43.426595041391195
1.532079649215632e-6;43.27828740094199
1.5322676448585101e-6;43.163059023458565
1.5324555078733033e-6;43.044474408661756
1.5326432382805234e-6;42.98547435078706
1.5328308361006974e-6;42.889642608961395
1.533018301354368e-6;42.71167578948088
1.533205634062094e-6;42.64510876071772
1.53339283424445e-6;42.5117570000674
1.5335799019220263e-6;42.377196319962536
1.53376683711543e-6;42.258001705705446
1.533953639845284e-6;42.18824238677402
1.5341403101322265e-6;42.07391977978488
1.534326847996915e-6;41.94153436165099
1.5345132534600217e-6;41.82357579764533
1.5346995265422352e-6;41.663709012885654
1.5348856672642625e-6;41.61457846971751
1.5350716756468259e-6;41.52165990675555
1.5352575517106664e-6;41.467170357439755
1.5354432954765413e-6;41.3751235312213
1.5356289069652252e-6;41.29206357747529
1.5358143861975106e-6;41.255463236711904
1.5359997331942073e-6;41.302694238053704
1.5361849479761436e-6;41.30591051963374
1.5363700305641643e-6;41.258389639950046
1.5365549809791339e-6;41.231326643109014
1.5367397992419324e-6;41.386815535103736
1.5369244853734609e-6;41.3751235312213
1.5371090393946375e-6;41.50019201915149
1.537293461326398e-6;41.54423973114647
1.5374777511896983e-6;41.62056337360552
1.5376619090055115e-6;41.7087750727558
1.5378459347948306e-6;41.86560828852073
1.5380298285786676e-6;41.95733648273211
1.5382135903780525e-6;42.163242786866675
1.5383972202140353e-6;42.28631304989704
1.5385807181076851e-6;42.4034952674222
1.538764084080091e-6;42.577745409466715
1.5389473181523602e-6;42.720273612364664
1.5391304203456208e-6;42.84295348230526
1.5393133906810199e-6;43.04878117698279
1.5394962291797256e-6;43.117326754423495
1.5396789358629254e-6;43.33124708716883
1.539861510751826e-6;43.42343711009842
1.5400439538676556e-6;43.551065529544914
1.5402262652316624e-6;43.699946616084276
1.5404084448651159e-6;43.848012789620824
1.5405904927893044e-6;43.93873404149383
1.540772409025538e-6;44.025021126642194
1.5409541935951488e-6;44.204178692863174
1.5411358465194874e-6;44.304943054463585
1.5413173678199276e-6;44.37607887914937
1.5414987575178635e-6;44.4537064882758
1.5416800156347108e-6;44.64564059655464
1.5418611421919068e-6;44.71144965160633
1.54204213721091e-6;44.904641590650094
1.5422230007132003e-6;44.875484274367125
1.5424037327202815e-6;44.984484031739996
1.5425843332536763e-6;45.10518201077809
1.5427648023349315e-6;45.20719284749785
1.5429451399856158e-6;45.25588954604824
1.5431253462273196e-6;45.27513901691616
1.543305421081657e-6;45.38711942116912
1.5434853645702626e-6;45.43621111564033
1.5436651767147959e-6;45.48684171483005
1.5438448575369381e-6;45.48364846321437
1.544024407058393e-6;45.441176751693575
1.544203825300888e-6;45.43148849668525
1.5443831122861734e-6;45.46604348654274
1.5445622680360232e-6;45.43968765693562
1.544741292572235e-6;45.559525114477886
1.5449201859166286e-6;45.46814012741506
1.5450989480910493e-6;45.40829814111079
1.5452775791173635e-6;45.35167485114944
1.545456079017465e-6;45.37491677290796
1.545634447813269e-6;45.30865362221246
1.545812685526716e-6;45.212034845748626
1.5459907921797698e-6;45.22848343602533
1.5461687677944193e-6;44.99632105153693
1.5463466123926777e-6;44.98751517890846
1.5465243259965836e-6;44.87265674419202
1.546701908628199e-6;44.89536629482095
1.5468793603096113e-6;44.703810861563994
1.5470566810629336e-6;44.612433375807726
1.547233870910302e-6;44.43669703496398
1.5474109298738813e-6;44.33577838129562
1.5475878579758583e-6;44.21899935843169
1.5477646552384468e-6;44.154407980618174
1.5479413216838863e-6;44.00624321661767
1.5481178573344411e-6;43.839768504309326
1.5482942622124024e-6;43.698093586735425
1.5484705363400864e-6;43.50519367597538
1.5486466797398364e-6;43.430539229128485
1.5488226924340212e-6;43.249817030873686
1.5489985744450356e-6;43.035200369072804
1.549174325795302e-6;42.75932975821708
1.5493499465072675e-6;42.56958152560932
1.5495254366034086e-6;42.376191299461894
1.5497007961062248e-6;42.264452327482275
1.5498760250382466e-6;41.95871989459327
1.5500511234220287e-6;41.72398577939305
1.5502260912801543e-6;41.4126159062209
1.550400928635233e-6;41.165745397769165
1.5505756355099025e-6;40.90786927949267
1.5507502119268287e-6;40.711452904510836
1.5509246579087025e-6;40.34548247098469
1.5510989734782452e-6;40.06252051369365
1.5512731586582055e-6;39.674075565974725
1.5514472134713585e-6;39.43840626401261
1.55162113794051e-6;39.27883410330707
1.5517949320884916e-6;38.97956810006952
1.551968595938165e-6;38.626083639649416
1.552142129512419e-6;38.318697742805014
1.5523155328341726e-6;38.11507979945327
1.5524888059263717e-6;37.89439684567179
1.552661948811992e-6;37.61251074308663
1.5528349615140398e-6;37.41545516776209
1.5530078440555468e-6;37.18501688867274
1.5531805964595773e-6;37.013952690139206
1.5533532187492226e-6;36.89752696139156
1.5535257109476055e-6;36.8708284460437
1.5536980730778766e-6;36.784273224338676
1.5538703051632173e-6;36.74125982742708
1.554042407226838e-6;36.75503384727956
1.55421437929198e-6;36.76053124651872
1.5543862213819142e-6;36.916118742144164
1.5545579335199415e-6;37.02085721435825
1.5547295157293927e-6;37.20159303405957
1.5549009680336306e-6;37.37907923374639
1.5550722904560464e-6;37.47100931364986
1.5552434830200637e-6;37.798849631926444
1.555414545749136e-6;37.99547307125615
1.5555854786667486e-6;38.294967497201824
1.5557562817964163e-6;38.45718017966659
1.5559269551616864e-6;38.66523625532844
1.5560974987861375e-6;38.840586470939385
1.5562679126933777e-6;39.110510203281265
1.556438196907049e-6;39.3444794894897
1.5566083514508244e-6;39.63929422026558
1.5567783763484073e-6;39.81501488148247
1.5569482716235346e-6;40.046222657007824
1.5571180372999746e-6;40.197807304036466
1.5572876734015277e-6;40.489465037604916
1.5574571799520258e-6;40.69668096911595
1.5576265569753346e-6;40.945060664544556
1.5577958044953514e-6;41.04043029922009
1.5579649225360064e-6;41.20639728415567
1.5581339111212615e-6;41.36815657726849
1.558302770275114e-6;41.629226860554276
1.558471500021591e-6;41.774787825423225
1.558640100384755e-6;41.99700338629511
1.5588085713887e-6;42.02406572639379
1.5589769130575549e-6;42.13544318537667
1.5591451254154812e-6;42.24973090428833
1.5593132084866743e-6;42.39374566782078
1.5594811622953628e-6;42.578225160344765
1.5596489868658094e-6;42.667254670319195
1.559816682222311e-6;42.70655548952985
1.5599842483891978e-6;42.763928630695354
1.560151685390835e-6;42.86231854028553
1.5603189932516225e-6;42.99812265495717
1.5604861719959922e-6;43.09864282709357
1.5606532216484136e-6;43.23808795527016
1.5608201422333889e-6;43.200839427156936
1.5609869337754558e-6;43.20623955053538
1.5611535962991862e-6;43.24549947702555
1.5613201298291886e-6;43.33991061569507
1.5614865343901047e-6;43.40067166132954
1.5616528100066131e-6;43.46333411195522
1.5618189567034259e-6;43.42856758301525
1.561984974505293e-6;43.40146550949133
1.5621508634369983e-6;43.40880173413645
1.5623166235233619e-6;43.36579798674038
1.5624822547892395e-6;43.435464431882565
1.5626477572595237e-6;43.47505649475902
1.562813130959142e-6;43.481685160251615
1.5629783759130595e-6;43.44588742578714
1.5631434921462755e-6;43.29662240489461
1.5633084796838284e-6;43.24508805747058
1.563473338550791e-6;43.26806774068438
1.5636380687722742e-6;43.29174063417513
1.5638026703734252e-6;43.29499575762843
1.5639671433794279e-6;43.18459865188351
1.5641314878155046e-6;43.03260872655577
1.564295703706912e-6;42.96423848503777
1.5644597910789477e-6;42.90034611362518
1.5646237499569438e-6;42.85039447366519
1.5647875803662717e-6;42.797809769969646
1.564951282332339e-6;42.70259475526625
1.5651148558805929e-6;42.53991862812171
1.5652783010365177e-6;42.39724804286466
1.5654416178256345e-6;42.25671043081144
1.565604806273505e-6;42.14923284894898
1.5657678664057269e-6;42.02706226990357
1.565930798247938e-6;41.93486359709743
1.5660936018258132e-6;41.76062305125079
1.5662562771650673e-6;41.57909866226345
1.5664188242914533e-6;41.3142617214745
1.5665812432307625e-6;41.15843404112816
1.5667435340088268e-6;40.966667399753824
1.5669056966515154e-6;40.80734686353143
1.567067731184738e-6;40.67665881974249
1.5672296376344438e-6;40.48791273848409
1.5673914160266201e-6;40.16490131620828
1.5675530663872946e-6;39.89850109603181
1.5677145887425362e-6;39.60661007270982
1.5678759831184509e-6;39.37267072211413
1.5680372495411858e-6;39.1232835796041
1.5681983880369302e-6;38.95090896934399
1.5683593986319099e-6;38.55942946232316
1.5685202813523937e-6;38.22429623779357
1.5686810362246905e-6;37.821858664920164
1.5688416632751484e-6;37.452309845281405
1.569002162530158e-6;37.170044070405474
1.5691625340161495e-6;36.82145076373832
1.5693227777595943e-6;36.3205216670581
1.5694828937870055e-6;36.032526619816466
1.5696428821249366e-6;35.50105999347593
1.5698027427999824e-6;35.13617073787875
1.5699624758387796e-6;34.525530632289254
1.5701220812680067e-6;34.01745082237063
1.5702815591143833e-6;33.54876422516234
1.5704409094046705e-6;33.07496037913213
1.5706001321656721e-6;32.52124552505644
1.5707592274242336e-6;31.78113252314632
1.5709181952072424e-6;31.67317334748176
1.5710770355416285e-6;30.916669575956846
1.5712357484543643e-6;30.737183503461228
1.5713943339724647e-6;30.17450729510536
1.5715527921229866e-6;30.195316845312554
1.5717111229330316e-6;30.047511555910013
1.5718693264297412e-6;30.178677189635053
1.5720274026403025e-6;29.58085848521085
1.5721853515919444e-6;30.132586652835165
1.5723431733119393e-6;30.128372247051722
1.572500867827603e-6;30.366288953621613
1.5726584351662955e-6;31.014033505553307
1.5728158753554185e-6;31.21559844187501
1.57297318842242e-6;31.931245983544617
1.5731303743947892e-6;32.617385473525374
1.5732874333000617e-6;33.19938439980309
1.5734443651658151e-6;33.70142847051102
1.573601170019673e-6;34.18798290590353
1.5737578478893024e-6;34.601458174917504
1.573914398802414e-6;34.9734438101758
1.574070822786765e-6;35.64547711755948
1.5742271198701552e-6;36.21072371143626
1.574383290080431e-6;36.66985718329661
1.5745393334454828e-6;37.11300959916166
1.5746952499932465e-6;37.44136452401247
1.5748510397517025e-6;37.792356316758635
1.5750067027488768e-6;38.147801457458044
1.5751622390128407e-6;38.59618578772181
1.575317648571712e-6;38.89581802149624
1.5754729314536534e-6;39.3227077589949
1.575628087686873e-6;39.58038016098337
1.5757831172996249e-6;39.950206061247584
1.5759380203202105e-6;40.29748918566837
1.5760927967769759e-6;40.58805486675907
1.5762474466983137e-6;40.75510464524414
1.5764019701126632e-6;41.021591832436854
1.5765563670485107e-6;41.212971528249454
1.5767106375343878e-6;41.44947633670373
1.5768647815988745e-6;41.6867422956708
1.5770187992705961e-6;41.904437597066895
1.5771726905782257e-6;42.16930853741022
1.577326455550484e-6;42.44227625732908
1.5774800942161371e-6;42.52051637406516
1.5776336066040009e-6;42.759559817537436
1.577786992742937e-6;42.88293949786217
1.5779402526618553e-6;43.00225806768157
1.5780933863897136e-6;43.12685006388759
1.5782463939555163e-6;43.28909404871189
1.5783992753883176e-6;43.50480613795531
1.5785520307172189e-6;43.725622182855005
1.5787046599713692e-6;43.843892603247994
1.5788571631799665e-6;43.98634324538392
1.5790095403722567e-6;44.04337585310927
1.5791617915775361e-6;44.063016787707745
1.5793139168251472e-6;44.15257216954235
1.5794659161444825e-6;44.2388455444914
1.5796177895649836e-6;44.402949710949144
1.5797695371161405e-6;44.52077913489846
1.5799211588274927e-6;44.62368045522524
1.5800726547286296e-6;44.729318863957054
1.5802240248491893e-6;44.82144385637411
1.5803752692188588e-6;44.875908245160545
1.5805263878673762e-6;44.90576452402908
1.5806773808245288e-6;44.90379920003179
1.5808282481201533e-6;44.958494852260166
1.580978989784137e-6;44.94822225943779
1.5811296058464166e-6;45.034365683033606
1.5812800963369813e-6;45.20050988062822
1.581430461285867e-6;45.282995123738246
1.5815807007231627e-6;45.410547788827
1.5817308146790074e-6;45.39753371059379
1.5818808031835918e-6;45.4184123916057
1.5820306662671552e-6;45.358508754713824
1.5821804039599893e-6;45.25588954604824
1.5823300162924382e-6;45.38799869965
1.582479503294894e-6;45.354586902650986
1.582628864997803e-6;45.431861521793394
1.5827781014316613e-6;45.46604348654274
1.582927212627018e-6;45.45406089684553
1.5830761986144724e-6;45.42601377753148
1.5832250594246772e-6;45.50558535987675
1.5833737950883352e-6;45.41965943256615
1.5835224056362027e-6;45.314405952502185
1.5836708910990882e-6;45.34888758228809
1.5838192515078513e-6;45.33314397744376
1.5839674868934057e-6;45.35230807194505
1.584115597286716e-6;45.39966367996713
1.5842635827188003e-6;45.40279409140705
1.5844114432207304e-6;45.30263748713028
1.5845591788236288e-6;45.296228181334435
1.5847067895586727e-6;45.19040038648345
1.5848542754570925e-6;45.02071891206661
1.5850016365501713e-6;45.01374251212964
1.5851488728692454e-6;44.94432898726399
1.585295984445705e-6;44.96597576323709
1.585442971310995e-6;45.041581122551946
1.5855898334966112e-6;44.86246236573056
1.5857365710341065e-6;44.825162866063685
1.5858831839550856e-6;44.83244860931517
1.5860296722912082e-6;44.64847089563307
1.5861760360741883e-6;44.539448623406685
1.5863222753357948e-6;44.45822074161696
1.5864683901078492e-6;44.456975898951605
1.5866143804222295e-6;44.44544415739532
1.5867602463108672e-6;44.40168892208256
1.58690598780575e-6;44.317014174634195
1.5870516049389195e-6;44.23573519732735
1.5871970977424722e-6;44.058413410689695
1.587342466248561e-6;43.93855868587961
1.5874877104893933e-6;43.90422831923477
1.5876328304972316e-6;43.79794843276982
1.5877778263043947e-6;43.65768688002193
1.587922697943257e-6;43.57210419006122
1.588067445446249e-6;43.46274716142128
1.5882120688458554e-6;43.41236623238692
1.5883565681746198e-6;43.24817275453828
1.58850094346514e-6;43.141412032605714
1.58864519475007e-6;43.03800623765174
1.5887893220621213e-6;42.87420995759831
1.5889333254340616e-6;42.719344938177656
1.5890772048987151e-6;42.60262244714977
1.5892209604889622e-6;42.576065863923105
1.5893645922377419e-6;42.46129125663436
1.5895081001780482e-6;42.327674741763424
1.5896514843429333e-6;42.20474206129218
1.5897947447655069e-6;42.069067929308645
1.5899378814789358e-6;41.90835747532066
1.5900808945164438e-6;41.7949434100545
1.5902237839113137e-6;41.60108220410951
1.5903665496968847e-6;41.52960674304249
1.5905091919065538e-6;41.381447441794876
1.5906517105737772e-6;41.32643850973081
1.5907941057320692e-6;41.20738405542943
1.590936377415e-6;41.12001395486189
1.5910785256562011e-6;40.95134466939837
1.5912205504893615e-6;40.789640445017604
1.5913624519482273e-6;40.66586796470695
1.5915042300666058e-6;40.575520010545326
1.591645884878361e-6;40.381430899699424
1.5917874164174179e-6;40.3734680356809
1.5919288247177585e-6;40.27838678188945
1.592070109813425e-6;40.16699138064971
1.5922112717385194e-6;40.044073641763305
1.5923523105272028e-6;39.948887953649105
1.5924932262136948e-6;39.77266212427293
1.5926340188322765e-6;39.71878617026266
1.592774688417288e-6;39.59613711071044
1.5929152350031286e-6;39.595183769729985
1.5930556586242585e-6;39.48070481518941
1.5931959593151982e-6;39.38569756221061
1.5933361371105282e-6;39.35557645093014
1.5934761920448893e-6;39.25621454790829
1.593616124152983e-6;39.20488564658298
1.5937559334695705e-6;39.14448940698554
1.5938956200294762e-6;39.12275210498812
1.5940351838675832e-6;38.98231384513097
1.594174625018836e-6;38.98396045930009
1.5943139435182414e-6;38.978469315795714
1.5944531394008652e-6;38.972971220594964
1.5945922127018378e-6;38.97352134344313
1.5947311634563481e-6;38.989444668665094
1.5948699916996476e-6;38.985057855343584
1.5950086974670507e-6;38.9553303948407
1.5951472807939316e-6;38.97352134344313
1.5952857417157293e-6;39.05202028662319
1.5954240802679423e-6;39.0655051910145
1.595562296486132e-6;38.94980290927969
1.5957003904059225e-6;39.36111431674854
