1.508551350241944e-6;45.489787249212355
1.5087554066771794e-6;45.3729006666481
1.5089593281001014e-6;45.49420180836492
1.509163114530234e-6;45.433726166886245
1.5093667659871016e-6;45.69748341781275
1.5095702824902312e-6;45.66095579077949
1.5097736640591501e-6;45.73764818726103
1.5099769107133864e-6;45.56483419112708
1.5101800224724715e-6;45.72023086743846
1.5103829993559366e-6;45.86001850311851
1.5105858413833165e-6;45.91999004612498
1.5107885485741454e-6;45.92953571547866
1.5109911209479626e-6;45.904182524397584
1.5111935585243066e-6;45.87003397918764
1.5113958613227206e-6;46.00101255691391
1.5115980293627476e-6;46.028193424327
1.5118000626639354e-6;46.04550032571261
1.5120019612458334e-6;46.05843539058089
1.5122037251279936e-6;46.027326266171265
1.5124053543299713e-6;45.91465309329479
1.5126068488713244e-6;46.01059963546283
1.5128082087716143e-6;46.06413613503519
1.5130094340504043e-6;46.056282220076184
1.5132105247272634e-6;46.02211967802297
1.5134114808217616e-6;46.00057627735967
1.5136123023534748e-6;45.99926717567107
1.5138129893419809e-6;46.03079386040232
1.514013541806861e-6;46.00853148871242
1.5142139597677028e-6;45.95815762617501
1.514414243244096e-6;45.84240736924365
1.5146143922556343e-6;45.93197426448274
1.5148144068219172e-6;45.91431931588087
1.5150142869625473e-6;45.862946761451354
1.5152140326971327e-6;45.82824416378794
1.5154136440452854e-6;45.815173094258114
1.5156131210266225e-6;45.71918360362814
1.5158124636607657e-6;45.69958818096594
1.5160116719673428e-6;45.61196822498337
1.5162107459659853e-6;45.68060848956747
1.5164096856763303e-6;45.58780547079236
1.5166084911180218e-6;45.52449188882921
1.516807162310707e-6;45.42576476260529
1.5170056992740404e-6;45.42663625238801
1.5172041020276814e-6;45.261841445137875
1.517402370591296e-6;45.26533115590743
1.5176005049845553e-6;45.20522833630544
1.517798505227137e-6;45.11415407208774
1.5179963713387255e-6;45.025500161269036
1.5181941033390106e-6;44.93485934175957
1.5183917012476894e-6;44.850822880558454
1.518589165084465e-6;44.84854811974092
1.5187864948690472e-6;44.74944335465388
1.5189836906211537e-6;44.709394375650504
1.5191807523605074e-6;44.596939764779705
1.51937768010684e-6;44.56548216372393
1.519574473879889e-6;44.585925289760155
1.5197711336994007e-6;44.50110481575011
1.5199676595851273e-6;44.39237928332144
1.5201640515568293e-6;44.36623740641528
1.5203603096342754e-6;44.33785829743799
1.5205564338372405e-6;44.27924077684321
1.5207524241855103e-6;44.26543791568096
1.5209482806988747e-6;44.21225399340183
1.5211440033971352e-6;44.15090257671115
1.5213395923000995e-6;44.16057729263038
1.521535047427585e-6;44.096964782179526
1.5217303687994168e-6;44.09493536867576
1.5219255564354285e-6;44.046798054790656
1.5221206103554633e-6;44.078156423841975
1.5223155305793727e-6;44.060459958453
1.5225103171270175e-6;44.00417095375167
1.5227049700182678e-6;44.032235037037246
1.5228994892730021e-6;44.042177445149235
1.523093874911109e-6;44.066934337962124
1.5232881269524869e-6;44.06386872972728
1.5234822454170426e-6;44.06897687524564
1.5236762303246943e-6;44.06574241410554
1.5238700816953689e-6;44.12712482745101
1.524063799549003e-6;44.13534454431142
1.5242573839055443e-6;44.14889821769599
1.5244508347849504e-6;44.15490852171469
1.5246441522071892e-6;44.14488672236952
1.5248373361922387e-6;44.18814847441422
1.525030386760088e-6;44.221628856623894
1.5252233039307367e-6;44.23081958297231
1.5254160877241952e-6;44.287663303280816
1.5256087381604852e-6;44.298007116306465
1.5258012552596385e-6;44.32103043698327
1.525993639041699e-6;44.29203010413709
1.5261858895267224e-6;44.317014174634195
1.5263780067347741e-6;44.3261658390379
1.5265699906859325e-6;44.381466362467485
1.5267618414002871e-6;44.36623740641528
1.5269535588979399e-6;44.31363764158987
1.5271451431990035e-6;44.34025696356247
1.5273365943236034e-6;44.33849807128646
1.5275279122918778e-6;44.36989087788538
1.527719097123976e-6;44.33961744878896
1.5279101488400604e-6;44.37655451424913
1.5281010674603054e-6;44.338817922871456
1.5282918530048993e-6;44.31025848133122
1.5284825054940407e-6;44.28313012654368
1.5286730249479445e-6;44.27388722733251
1.5288634113868357e-6;44.27745699349721
1.5290536648309535e-6;44.23786357022907
1.5292437853005506e-6;44.14873114601468
1.5294337728158929e-6;44.103722653019545
1.5296236273972601e-6;44.02106556827201
1.5298133490649435e-6;44.014350072298704
1.5300029378392516e-6;44.01331599677835
1.5301923937405042e-6;43.88403183552636
1.5303817167890355e-6;43.82071100764085
1.530570907005194e-6;43.73702582225395
1.5307599644093431e-6;43.68881656176334
1.5309488890218603e-6;43.614822958251416
1.5311376808631356e-6;43.50654978678079
1.5313263399535763e-6;43.363996889860836
1.5315148663136034e-6;43.28175661438323
1.531703259963652e-6;43.1531946525875
1.5318915209241727e-6;43.08414999096672
1.532079649215632e-6;42.90946784734306
1.5322676448585101e-6;42.77723788762454
1.5324555078733033e-6;42.618811493836674
1.5326432382805234e-6;42.53386472987771
1.5328308361006974e-6;42.393245097877966
1.533018301354368e-6;42.216749970707696
1.533205634062094e-6;42.08441356438567
1.53339283424445e-6;41.941812087938466
1.5335799019220263e-6;41.73361116894232
1.53376683711543e-6;41.621161410623685
1.533953639845284e-6;41.493730904913846
1.5341403101322265e-6;41.371324760089934
1.534326847996915e-6;41.20047194353041
1.5345132534600217e-6;41.06564834846764
1.5346995265422352e-6;40.896578816215296
1.5348856672642625e-6;40.83574279673991
1.5350716756468259e-6;40.72433725968388
1.5352575517106664e-6;40.66251361968962
1.5354432954765413e-6;40.558750391460975
1.5356289069652252e-6;40.49528122277718
1.5358143861975106e-6;40.483641052798866
1.5359997331942073e-6;40.53040008642746
1.5361849479761436e-6;40.52924683707729
1.5363700305641643e-6;40.53270566681378
1.5365549809791339e-6;40.5361617440439
1.5367397992419324e-6;40.712558776812955
1.5369244853734609e-6;40.75911761482778
1.5371090393946375e-6;40.910687315000125
1.537293461326398e-6;40.99818709615231
1.5374777511896983e-6;41.124038927178745
1.5376619090055115e-6;41.27623049598029
1.5378459347948306e-6;41.458177144918274
1.5380298285786676e-6;41.61248180332738
1.5382135903780525e-6;41.840380786268895
1.5383972202140353e-6;42.00001865406602
1.5385807181076851e-6;42.17299658976496
1.538764084080091e-6;42.38347243426475
1.5389473181523602e-6;42.559475493989396
1.5391304203456208e-6;42.724218263715045
1.5393133906810199e-6;42.960286361067226
1.5394962291797256e-6;43.0612467073653
1.5396789358629254e-6;43.29051933359929
1.539861510751826e-6;43.429947829274774
1.5400439538676556e-6;43.57649032918467
1.5402262652316624e-6;43.73298279614871
1.5404084448651159e-6;43.89874558390986
1.5405904927893044e-6;44.02003309069705
1.540772409025538e-6;44.147561464249534
1.5409541935951488e-6;44.3252034135893
1.5411358465194874e-6;44.44325902788053
1.5413173678199276e-6;44.542196356600016
1.5414987575178635e-6;44.642361102130295
1.5416800156347108e-6;44.83401844299177
1.5418611421919068e-6;44.9161379164116
1.54204213721091e-6;45.10853196298059
1.5422230007132003e-6;45.10317079843343
1.5424037327202815e-6;45.22718026587241
1.5425843332536763e-6;45.35964669388424
1.5427648023349315e-6;45.47479333931026
1.5429451399856158e-6;45.54307408805559
1.5431253462273196e-6;45.56724526395462
1.543305421081657e-6;45.66767359981472
1.5434853645702626e-6;45.709396944137424
1.5436651767147959e-6;45.78100304755907
1.5438448575369381e-6;45.80309003570605
1.544024407058393e-6;45.7890268604763
1.544203825300888e-6;45.77985557745648
1.5443831122861734e-6;45.8155145789047
1.5445622680360232e-6;45.81596985000285
1.544741292572235e-6;45.90384794126528
1.5449201859166286e-6;45.85054445986627
1.5450989480910493e-6;45.81209852354842
1.5452775791173635e-6;45.75580380573512
1.545456079017465e-6;45.77514777773365
1.545634447813269e-6;45.73347439656936
1.545812685526716e-6;45.67532159933221
1.5459907921797698e-6;45.64216153077687
1.5461687677944193e-6;45.48401703517338
1.5463466123926777e-6;45.45418459751116
1.5465243259965836e-6;45.3780650664498
1.546701908628199e-6;45.37453882426875
1.5468793603096113e-6;45.219353022483006
1.5470566810629336e-6;45.112414673058154
1.547233870910302e-6;44.919077209148305
1.5474109298738813e-6;44.83444648098535
1.5475878579758583e-6;44.74696928116828
1.5477646552384468e-6;44.640869603791906
1.5479413216838863e-6;44.493395261749676
1.5481178573344411e-6;44.365124869996926
1.5482942622124024e-6;44.165406580489794
1.5484705363400864e-6;44.01383306531581
1.5486466797398364e-6;43.91922621374344
1.5488226924340212e-6;43.77579420894945
1.5489985744450356e-6;43.586010159430195
1.549174325795302e-6;43.35518075894234
1.5493499465072675e-6;43.15592533791591
1.5495254366034086e-6;42.9712556152798
1.5497007961062248e-6;42.86389097228518
1.5498760250382466e-6;42.58373848968119
1.5500511234220287e-6;42.35553695852755
1.5502260912801543e-6;42.05637359479429
1.550400928635233e-6;41.82300499593339
1.5505756355099025e-6;41.58905021187544
1.5507502119268287e-6;41.397531856953535
1.5509246579087025e-6;41.0809123558122
1.5510989734782452e-6;40.807707468407216
1.5512731586582055e-6;40.45674966769105
1.5514472134713585e-6;40.240749873074265
1.55162113794051e-6;40.07363654312278
1.5517949320884916e-6;39.828137621318625
1.551968595938165e-6;39.51677437343301
1.552142129512419e-6;39.25621454790829
1.5523155328341726e-6;38.99492196138132
1.5524888059263717e-6;38.841720695239125
1.552661948811992e-6;38.59558572626054
1.5528349615140398e-6;38.40733234611807
1.5530078440555468e-6;38.237349883987314
1.5531805964595773e-6;38.07602669916494
1.5533532187492226e-6;37.90214770243979
1.5535257109476055e-6;37.90003520390489
1.5536980730778766e-6;37.87814567063023
1.5538703051632173e-6;37.84474643762516
1.554042407226838e-6;37.80461332861718
1.55421437929198e-6;37.86396461372304
1.5543862213819142e-6;37.88592555920359
1.5545579335199415e-6;38.06586934327803
1.5547295157293927e-6;38.209891764160496
1.5549009680336306e-6;38.28917561616686
1.5550722904560464e-6;38.39352328895421
1.5552434830200637e-6;38.69055618701908
1.555414545749136e-6;38.86547123391105
1.5555854786667486e-6;39.09449046981266
1.5557562817964163e-6;39.247443524799486
1.5559269551616864e-6;39.46304854993475
1.5560974987861375e-6;39.62748053358641
1.5562679126933777e-6;39.880235619286594
1.556438196907049e-6;40.09238370968467
1.5566083514508244e-6;40.36229544086295
1.5567783763484073e-6;40.508822106640295
1.5569482716235346e-6;40.7092403147615
1.5571180372999746e-6;40.86288629021682
1.5572876734015277e-6;41.127055210308924
1.5574571799520258e-6;41.33921940423772
1.5576265569753346e-6;41.53509989300837
1.5577958044953514e-6;41.63578765188774
1.5579649225360064e-6;41.7655425961329
1.5581339111212615e-6;41.91590726379211
1.558302770275114e-6;42.177996799471174
1.558471500021591e-6;42.3149507644823
1.558640100384755e-6;42.49589657772943
1.5588085713887e-6;42.53991862812171
1.5589769130575549e-6;42.623324138226266
1.5591451254154812e-6;42.731170684867415
1.5593132084866743e-6;42.85759782545442
1.5594811622953628e-6;43.03649561060314
1.5596489868658094e-6;43.13571968439817
1.559816682222311e-6;43.15907399666257
1.5599842483891978e-6;43.198344796011405
1.560151685390835e-6;43.27604113814316
1.5603189932516225e-6;43.40701838731677
1.5604861719959922e-6;43.49898891403912
1.5606532216484136e-6;43.610853604888256
1.5608201422333889e-6;43.57363030615143
1.5609869337754558e-6;43.57134093086434
1.5611535962991862e-6;43.590572276348894
1.5613201298291886e-6;43.66366915612642
1.5614865343901047e-6;43.71326513861746
1.5616528100066131e-6;43.77196935008914
1.5618189567034259e-6;43.73298279614871
1.561984974505293e-6;43.712895730645556
1.5621508634369983e-6;43.69308645463461
1.5623166235233619e-6;43.6675905512633
1.5624822547892395e-6;43.706241008415354
1.5626477572595237e-6;43.73500477967874
1.562813130959142e-6;43.73261506161682
1.5629783759130595e-6;43.68565785360332
1.5631434921462755e-6;43.566758556586365
1.5633084796838284e-6;43.51274376359436
1.563473338550791e-6;43.51641726193522
1.5636380687722742e-6;43.54204511370313
1.5638026703734252e-6;43.54089222152247
1.5639671433794279e-6;43.434873702383015
1.5641314878155046e-6;43.286853369831505
1.564295703706912e-6;43.196472881834225
1.5644597910789477e-6;43.12896352191706
1.5646237499569438e-6;43.08927063394053
1.5647875803662717e-6;43.03563215917248
1.564951282332339e-6;42.92211753331855
1.5651148558805929e-6;42.74942566083686
1.5652783010365177e-6;42.58206126068828
1.5654416178256345e-6;42.45191763586928
1.565604806273505e-6;42.33655939685764
1.5657678664057269e-6;42.21335979533828
1.565930798247938e-6;42.083607249783796
1.5660936018258132e-6;41.934585426092106
1.5662562771650673e-6;41.7207725696948
1.5664188242914533e-6;41.486026548060934
1.5665812432307625e-6;41.320674813040064
1.5667435340088268e-6;41.075830311913215
1.5669056966515154e-6;40.931414047511495
1.567067731184738e-6;40.77985291029502
1.5672296376344438e-6;40.555694400609895
1.5673914160266201e-6;40.24116072826771
1.5675530663872946e-6;39.96949248495381
1.5677145887425362e-6;39.65060520611198
1.5678759831184509e-6;39.41710148941646
1.5680372495411858e-6;39.182400902214155
1.5681983880369302e-6;38.93428841779545
1.5683593986319099e-6;38.58657484090808
1.5685202813523937e-6;38.21382499747299
1.5686810362246905e-6;37.78295991088834
1.5688416632751484e-6;37.40915076481282
1.569002162530158e-6;37.0620554188197
1.5691625340161495e-6;36.68012971641832
1.5693227777595943e-6;36.239725120169965
1.5694828937870055e-6;35.82063362911709
1.5696428821249366e-6;35.39201599294128
1.5698027427999824e-6;34.88550716500444
1.5699624758387796e-6;34.33609843323718
1.5701220812680067e-6;33.82197210377454
1.5702815591143833e-6;33.24693913861775
1.5704409094046705e-6;32.84205067701794
1.5706001321656721e-6;32.27886704613673
1.5707592274242336e-6;31.61667412437736
1.5709181952072424e-6;31.068705444786538
1.5710770355416285e-6;30.453229787866576
1.5712357484543643e-6;30.068937079479007
1.5713943339724647e-6;30.16197353512439
1.5715527921229866e-6;30.16197353512439
1.5717111229330316e-6;29.211660506377388
1.5718693264297412e-6;29.666109866819347
1.5720274026403025e-6;29.084850188786497
1.5721853515919444e-6;30.15778756389041
1.5723431733119393e-6;30.16615547557177
1.572500867827603e-6;30.73351702386901
1.5726584351662955e-6;31.041455505540082
1.5728158753554185e-6;31.68202746842631
1.57297318842242e-6;32.19584526214255
1.5731303743947892e-6;32.87129620719111
1.5732874333000617e-6;33.44588742578714
1.5734443651658151e-6;33.93224116361297
1.573601170019673e-6;34.434194617828176
1.5737578478893024e-6;35.05014240084107
1.573914398802414e-6;35.368108659915414
1.574070822786765e-6;35.99337132992489
1.5742271198701552e-6;36.50501794878367
1.574383290080431e-6;36.96443763138999
1.5745393334454828e-6;37.37907923374639
1.5746952499932465e-6;37.76919002842047
1.5748510397517025e-6;38.103669536816255
1.5750067027488768e-6;38.46460825129333
1.5751622390128407e-6;38.8632148655948
1.575317648571712e-6;39.14290255665949
1.5754729314536534e-6;39.59327645972171
1.575628087686873e-6;39.87353388735794
1.5757831172996249e-6;40.22799404511688
1.5759380203202105e-6;40.56333034951162
1.5760927967769759e-6;40.846477608547296
1.5762474466983137e-6;41.00818395731537
1.5764019701126632e-6;41.25220936316565
1.5765563670485107e-6;41.46345128650468
1.5767106375343878e-6;41.67169590408632
1.5768647815988745e-6;41.933750806156986
1.5770187992705961e-6;42.147114210053836
1.5771726905782257e-6;42.401497133124685
1.577326455550484e-6;42.646289582612226
1.5774800942161371e-6;42.74504222655884
1.5776336066040009e-6;42.97344614534694
1.577786992742937e-6;43.105871148903546
1.5779402526618553e-6;43.21805483857539
1.5780933863897136e-6;43.34312984758231
1.5782463939555163e-6;43.48694190265541
1.5783992753883176e-6;43.678961231148065
1.5785520307172189e-6;43.8888237082715
1.5787046599713692e-6;44.02519302574249
1.5788571631799665e-6;44.16557301191479
1.5790095403722567e-6;44.22245024841782
1.5791617915775361e-6;44.24309820245756
1.5793139168251472e-6;44.31524584187451
1.5794659161444825e-6;44.41192225277618
1.5796177895649836e-6;44.56457134303779
1.5797695371161405e-6;44.67637698747892
1.5799211588274927e-6;44.78465485131264
1.5800726547286296e-6;44.88550716500444
1.5802240248491893e-6;44.95877215295425
1.5803752692188588e-6;45.0149744561414
1.5805263878673762e-6;45.03749838395311
1.5806773808245288e-6;45.03940413960889
1.5808282481201533e-6;45.07356550731907
1.580978989784137e-6;45.072350074272556
1.5811296058464166e-6;45.1469382103857
1.5812800963369813e-6;45.294945184332775
1.581430461285867e-6;45.367730118303626
1.5815807007231627e-6;45.47971508147236
1.5817308146790074e-6;45.46110621749425
1.5818808031835918e-6;45.4792231581758
1.5820306662671552e-6;45.415168408310336
1.5821804039599893e-6;45.334924341951904
1.5823300162924382e-6;45.434471800817
1.582479503294894e-6;45.40341990301657
1.582628864997803e-6;45.46345212016715
1.5827781014316613e-6;45.495059674010975
1.582927212627018e-6;45.48733277598153
1.5830761986144724e-6;45.47614737452407
1.5832250594246772e-6;45.51998619049009
1.5833737950883352e-6;45.432110187400056
1.5835224056362027e-6;45.32919914252143
1.5836708910990882e-6;45.34229237248755
1.5838192515078513e-6;45.323211420823306
1.5839674868934057e-6;45.33924504819994
1.584115597286716e-6;45.37919789365843
1.5842635827188003e-6;45.37428684023509
1.5844114432207304e-6;45.280292166129854
1.5845591788236288e-6;45.25316966044274
1.5847067895586727e-6;45.14547752660286
1.5848542754570925e-6;45.02495399912551
1.5850016365501713e-6;44.98930531742002
1.5851488728692454e-6;44.91963684895695
1.585295984445705e-6;44.91053375430866
1.585442971310995e-6;44.957940197748684
1.5855898334966112e-6;44.82530584131741
1.5857365710341065e-6;44.78883804186282
1.5858831839550856e-6;44.746823703532506
1.5860296722912082e-6;44.59889831970674
1.5861760360741883e-6;44.4858265974425
1.5863222753357948e-6;44.403579968152876
1.5864683901078492e-6;44.396010838343464
1.5866143804222295e-6;44.37385855966387
1.5867602463108672e-6;44.31765702625348
1.58690598780575e-6;44.23262262098614
1.5870516049389195e-6;44.145221155206514
1.5871970977424722e-6;43.97453326259252
1.587342466248561e-6;43.843892603247994
1.5874877104893933e-6;43.79559310918327
1.5876328304972316e-6;43.678961231148065
1.5877778263043947e-6;43.53146546213979
1.587922697943257e-6;43.433101031623416
1.588067445446249e-6;43.318320444362485
1.5882120688458554e-6;43.23231468114774
1.5883565681746198e-6;43.06810895618633
1.58850094346514e-6;42.95369148510006
1.58864519475007e-6;42.83730786777881
1.5887893220621213e-6;42.6651391990912
1.5889333254340616e-6;42.488801660242856
1.5890772048987151e-6;42.35932253986295
1.5892209604889622e-6;42.30346722417477
1.5893645922377419e-6;42.216749970707696
1.5895081001780482e-6;42.08091845275695
1.5896514843429333e-6;41.94431082563702
1.5897947447655069e-6;41.79264464339026
1.5899378814789358e-6;41.59085713714346
1.5900808945164438e-6;41.4921911265538
1.5902237839113137e-6;41.31971345281056
1.5903665496968847e-6;41.23557658003949
1.5905091919065538e-6;41.06836587366794
1.5906517105737772e-6;40.98609119300293
1.5907941057320692e-6;40.826058726978985
1.590936377415e-6;40.75473964588946
1.5910785256562011e-6;40.61565561884839
1.5912205504893615e-6;40.42693618178643
1.5913624519482273e-6;40.313680628857725
1.5915042300666058e-6;40.21933166477439
1.591645884878361e-6;40.008677215312275
1.5917874164174179e-6;40.004340774793185
1.5919288247177585e-6;39.89672247623873
1.592070109813425e-6;39.782718416106356
1.5922112717385194e-6;39.653898702151224
1.5923523105272028e-6;39.56360553673322
1.5924932262136948e-6;39.42008053022313
1.5926340188322765e-6;39.34346926738256
1.592774688417288e-6;39.2649678927322
1.5929152350031286e-6;39.25982100327103
1.5930556586242585e-6;39.153470623241915
1.5931959593151982e-6;39.10891088644528
1.5933361371105282e-6;39.06388921152831
1.5934761920448893e-6;39.01076715726255
1.593616124152983e-6;38.92984550710717
1.5937559334695705e-6;38.92539804658635
1.5938956200294762e-6;38.934843462184865
1.5940351838675832e-6;38.80699289218701
1.594174625018836e-6;38.81840968324927
1.5943139435182414e-6;38.813846567705724
1.5944531394008652e-6;38.83434293683009
1.5945922127018378e-6;38.8632148655948
1.5947311634563481e-6;38.92372907398436
1.5948699916996476e-6;38.90588667705487
1.5950086974670507e-6;38.90141460064577
1.5951472807939316e-6;38.943714538562375
1.5952857417157293e-6;39.04877766963405
1.5954240802679423e-6;39.078411425829444
1.595562296486132e-6;38.99218417851373
1.5957003904059225e-6;39.3791890264778
