1.508551350241944e-6;45.52692545653776
1.5087554066771794e-6;45.41853711181646
1.5089593281001014e-6;45.56049088400382
1.509163114530234e-6;45.503873613585824
1.5093667659871016e-6;45.792575532587236
1.5095702824902312e-6;45.785933717199
1.5097736640591501e-6;45.843764610200274
1.5099769107133864e-6;45.66649578817866
1.5101800224724715e-6;45.8837256352619
1.5103829993559366e-6;46.01983983142719
1.5105858413833165e-6;46.056066844300936
1.5107885485741454e-6;46.039991235549294
1.5109911209479626e-6;46.02027418020305
1.5111935585243066e-6;46.093595919813794
1.5113958613227206e-6;46.133554779791126
1.5115980293627476e-6;46.177340353640176
1.5118000626639354e-6;46.20854077858355
1.5120019612458334e-6;46.24075731145683
1.5122037251279936e-6;46.24220196724192
1.5124053543299713e-6;46.182364245638055
1.5126068488713244e-6;46.153923666841116
1.5128082087716143e-6;46.274785127181815
1.5130094340504043e-6;46.2874643714092
1.5132105247272634e-6;46.24147969941894
1.5134114808217616e-6;46.23652376727108
1.5136123023534748e-6;46.251374629595354
1.5138129893419809e-6;46.2249378846946
1.514013541806861e-6;46.2394154149401
1.5142139597677028e-6;46.19135087704022
1.514414243244096e-6;46.16065707908696
1.5146143922556343e-6;46.1404254422256
1.5148144068219172e-6;46.16380977594348
1.5150142869625473e-6;46.150131529670226
1.5152140326971327e-6;46.12232694614741
1.5154136440452854e-6;46.07873031484806
1.5156131210266225e-6;46.01712416694041
1.5158124636607657e-6;45.972343261273465
1.5160116719673428e-6;45.91565427164917
1.5162107459659853e-6;45.923766423536065
1.5164096856763303e-6;45.86418504585972
1.5166084911180218e-6;45.77664104732128
1.516807162310707e-6;45.686358015463135
1.5170056992740404e-6;45.6397917037951
1.5172041020276814e-6;45.48045286195813
1.517402370591296e-6;45.46505648166498
1.5176005049845553e-6;45.389003371407185
1.517798505227137e-6;45.270754027417084
1.5179963713387255e-6;45.16495710488137
1.5181941033390106e-6;45.026728775022065
1.5183917012476894e-6;44.91011315048101
1.518589165084465e-6;44.89958479424835
1.5187864948690472e-6;44.741433897608054
1.5189836906211537e-6;44.700133578301646
1.5191807523605074e-6;44.55727789260369
1.51937768010684e-6;44.5006426282523
1.519574473879889e-6;44.50557009418329
1.5197711336994007e-6;44.378456533908306
1.5199676595851273e-6;44.24489615107319
1.5201640515568293e-6;44.17255737865213
1.5203603096342754e-6;44.155409005128554
1.5205564338372405e-6;44.045429497700816
1.5207524241855103e-6;44.005897908132226
1.5209482806988747e-6;43.95256480886022
1.5211440033971352e-6;43.86819885991967
1.5213395923000995e-6;43.81512174732024
1.521535047427585e-6;43.77797833111225
1.5217303687994168e-6;43.72046232079206
1.5219255564354285e-6;43.67337281377873
1.5221206103554633e-6;43.62765126555426
1.5223155305793727e-6;43.64100521306941
1.5225103171270175e-6;43.57095925095734
1.5227049700182678e-6;43.58315640082196
1.5228994892730021e-6;43.57210419006122
1.523093874911109e-6;43.609718837259365
1.5232881269524869e-6;43.543005623453595
1.5234822454170426e-6;43.58315640082196
1.5236762303246943e-6;43.540123456672205
1.5238700816953689e-6;43.6312288829415
1.524063799549003e-6;43.663482334677184
1.5242573839055443e-6;43.67598163679833
1.5244508347849504e-6;43.648697986669625
1.5246441522071892e-6;43.630664191881785
1.5248373361922387e-6;43.73132774549157
1.525030386760088e-6;43.77743240354007
1.5252233039307367e-6;43.778342244705485
1.5254160877241952e-6;43.87087138661005
1.5256087381604852e-6;43.86926806795569
1.5258012552596385e-6;43.910233693700995
1.525993639041699e-6;43.9022836246913
1.5261858895267224e-6;43.95850376018781
1.5263780067347741e-6;43.95466183681937
1.5265699906859325e-6;44.04731115253496
1.5267618414002871e-6;44.01590072406656
1.5269535588979399e-6;44.00019635065158
1.5271451431990035e-6;44.04731115253496
1.5273365943236034e-6;44.06540180433956
1.5275279122918778e-6;44.12678899812676
1.527719097123976e-6;44.1303139115017
1.5279101488400604e-6;44.172225044337694
1.5281010674603054e-6;44.170895452709985
1.5282918530048993e-6;44.167569691687454
1.5284825054940407e-6;44.159077455568166
1.5286730249479445e-6;44.1720588676433
1.5288634113868357e-6;44.1929472175346
1.5290536648309535e-6;44.177705311169255
1.5292437853005506e-6;44.10422906967378
1.5294337728158929e-6;44.09307423951978
1.5296236273972601e-6;44.03977963669355
1.5298133490649435e-6;44.042348666534224
1.5300029378392516e-6;44.08341741154655
1.5301923937405042e-6;43.955535299709034
1.5303817167890355e-6;43.908997971735324
1.530570907005194e-6;43.86659455414194
1.5307599644093431e-6;43.81764682017124
1.5309488890218603e-6;43.77196935008914
1.5311376808631356e-6;43.68677295412786
1.5313263399535763e-6;43.59569893603762
1.5315148663136034e-6;43.53339095311305
1.531703259963652e-6;43.43861363288639
1.5318915209241727e-6;43.41909120179768
1.532079649215632e-6;43.28318430893823
1.5322676448585101e-6;43.17101812398005
1.5324555078733033e-6;43.05824106052693
1.5326432382805234e-6;42.960066693136724
1.5328308361006974e-6;42.871071991552085
1.533018301354368e-6;42.71330371066159
1.533205634062094e-6;42.6245108973043
1.53339283424445e-6;42.47678729570658
1.5335799019220263e-6;42.36108801587282
1.53376683711543e-6;42.233661264398606
1.533953639845284e-6;42.16429830876251
1.5341403101322265e-6;42.0725725871634
1.534326847996915e-6;41.93653224907199
1.5345132534600217e-6;41.79034465932006
1.5346995265422352e-6;41.63668153782669
1.5348856672642625e-6;41.562764960030165
1.5350716756468259e-6;41.48386687666821
1.5352575517106664e-6;41.42420754219559
1.5354432954765413e-6;41.33315316898848
1.5356289069652252e-6;41.23851640967086
1.5358143861975106e-6;41.24536828301277
1.5359997331942073e-6;41.258389639950046
1.5361849479761436e-6;41.24504224834283
1.5363700305641643e-6;41.240801568796996
1.5365549809791339e-6;41.21723945637367
1.5367397992419324e-6;41.32419798097615
1.5369244853734609e-6;41.32547842465581
1.5371090393946375e-6;41.49249912590282
1.537293461326398e-6;41.493422992912656
1.5374777511896983e-6;41.56518864747027
1.5376619090055115e-6;41.70144322643356
1.5378459347948306e-6;41.860800860914516
1.5380298285786676e-6;41.93736633469647
1.5382135903780525e-6;42.16060285923142
1.5383972202140353e-6;42.25076561626392
1.5385807181076851e-6;42.38372329028326
1.538764084080091e-6;42.546447373546215
1.5389473181523602e-6;42.70166229260694
1.5391304203456208e-6;42.826221128780624
1.5393133906810199e-6;43.011819721383155
1.5394962291797256e-6;43.10480891462675
1.5396789358629254e-6;43.30535521090559
1.539861510751826e-6;43.423042207182114
1.5400439538676556e-6;43.52992445447028
1.5402262652316624e-6;43.6776579101491
1.5404084448651159e-6;43.82125152225321
1.5405904927893044e-6;43.91288048595298
1.540772409025538e-6;44.03000344021163
1.5409541935951488e-6;44.19741025140651
1.5411358465194874e-6;44.30429831799877
1.5413173678199276e-6;44.37972408439349
1.5414987575178635e-6;44.45479656532881
1.5416800156347108e-6;44.61678570100143
1.5418611421919068e-6;44.69689499141104
1.54204213721091e-6;44.8750602621804
1.5422230007132003e-6;44.84698353024001
1.5424037327202815e-6;44.95599834892624
1.5425843332536763e-6;45.06085417638042
1.5427648023349315e-6;45.17354274350649
1.5429451399856158e-6;45.21595683110159
1.5431253462273196e-6;45.23863476506689
1.543305421081657e-6;45.340134072014166
1.5434853645702626e-6;45.39189050875863
1.5436651767147959e-6;45.437701402696085
1.5438448575369381e-6;45.440928604687876
1.544024407058393e-6;45.39352152039535
1.544203825300888e-6;45.38586300016313
1.5443831122861734e-6;45.41429461402622
1.5445622680360232e-6;45.397659031831125
1.544741292572235e-6;45.50705203418862
1.5449201859166286e-6;45.4184123916057
1.5450989480910493e-6;45.35116820802952
1.5452775791173635e-6;45.29802374061423
1.545456079017465e-6;45.31376718081458
1.545634447813269e-6;45.254335534288195
1.545812685526716e-6;45.15158257487391
1.5459907921797698e-6;45.15741416669365
1.5461687677944193e-6;44.94766629133628
1.5463466123926777e-6;44.91277628702178
1.5465243259965836e-6;44.803232012413545
1.546701908628199e-6;44.81772165924176
1.5468793603096113e-6;44.65769379955414
1.5470566810629336e-6;44.544332281165886
1.547233870910302e-6;44.38304964532098
1.5474109298738813e-6;44.30058922470643
1.5475878579758583e-6;44.175879323831914
1.5477646552384468e-6;44.08426536141335
1.5479413216838863e-6;43.960597923124325
1.5481178573344411e-6;43.76959989110066
1.5482942622124024e-6;43.63649579518323
1.5484705363400864e-6;43.43250998054363
1.5486466797398364e-6;43.35598296533003
1.5488226924340212e-6;43.16745927670932
1.5489985744450356e-6;42.949949938591
1.549174325795302e-6;42.67758216651366
1.5493499465072675e-6;42.47531386233569
1.5495254366034086e-6;42.27423895933663
1.5497007961062248e-6;42.155053782318184
1.5498760250382466e-6;41.859385898265884
1.5500511234220287e-6;41.647393842914326
1.5502260912801543e-6;41.32515834912638
1.550400928635233e-6;41.071760390660394
1.5505756355099025e-6;40.80482179068043
1.5507502119268287e-6;40.62619583854342
1.5509246579087025e-6;40.204441553665745
1.5510989734782452e-6;39.98999972218321
1.5512731586582055e-6;39.583727324786075
1.5514472134713585e-6;39.39319531078238
1.55162113794051e-6;39.12647106218317
1.5517949320884916e-6;38.85248107781386
1.551968595938165e-6;38.564872128686304
1.552142129512419e-6;38.25491029879431
1.5523155328341726e-6;38.05636766305935
1.5524888059263717e-6;37.707783961691476
1.552661948811992e-6;37.518946880437475
1.5528349615140398e-6;37.31830420288163
1.5530078440555468e-6;37.112165243210896
1.5531805964595773e-6;36.8841982200271
1.5533532187492226e-6;36.86457510469112
1.5535257109476055e-6;36.8859777508117
1.5536980730778766e-6;36.69409867287783
1.5538703051632173e-6;36.64359874551141
1.554042407226838e-6;36.658623002031554
1.55421437929198e-6;36.86457510469112
1.5543862213819142e-6;36.86099771995916
1.5545579335199415e-6;37.10286647702891
1.5547295157293927e-6;37.31669331828636
1.5549009680336306e-6;37.32795698289329
1.5550722904560464e-6;37.501225267834
1.5552434830200637e-6;37.725417326409435
1.555414545749136e-6;38.06925776883732
1.5555854786667486e-6;38.251663722565496
1.5557562817964163e-6;38.39540892968969
1.5559269551616864e-6;38.714561740229534
1.5560974987861375e-6;38.85530833188092
1.5562679126933777e-6;39.13760886412323
1.556438196907049e-6;39.3896979722289
1.5566083514508244e-6;39.65483924245139
1.5567783763484073e-6;39.874428049358016
1.5569482716235346e-6;40.07918390645599
1.5571180372999746e-6;40.21850577434325
1.5572876734015277e-6;40.52116550549998
1.5574571799520258e-6;40.710715499836496
1.5576265569753346e-6;40.9684052033139
1.5577958044953514e-6;41.070063463815444
1.5579649225360064e-6;41.21855182166855
1.5581339111212615e-6;41.37322456100344
1.558302770275114e-6;41.64442085209516
1.558471500021591e-6;41.78833117359116
1.558640100384755e-6;41.965077919396954
1.5588085713887e-6;42.010692311513054
1.5589769130575549e-6;42.11280767964129
1.5591451254154812e-6;42.21857435419136
1.5593132084866743e-6;42.36083584895046
1.5594811622953628e-6;42.54161220847426
1.5596489868658094e-6;42.67195203145967
1.559816682222311e-6;42.70841811533185
1.5599842483891978e-6;42.72352240906794
1.560151685390835e-6;42.8476901334902
1.5603189932516225e-6;42.95720999848835
1.5604861719959922e-6;43.062105081677615
1.5606532216484136e-6;43.19522449065454
1.5608201422333889e-6;43.177082376103016
1.5609869337754558e-6;43.168296914943085
1.5611535962991862e-6;43.221779313849765
1.5613201298291886e-6;43.28827939014281
1.5614865343901047e-6;43.356584522893016
1.5616528100066131e-6;43.43447983807231
1.5618189567034259e-6;43.37858429041094
1.561984974505293e-6;43.37678848953671
1.5621508634369983e-6;43.37099696361683
1.5623166235233619e-6;43.33326340403454
1.5624822547892395e-6;43.38874649301381
1.5626477572595237e-6;43.43507062114426
1.562813130959142e-6;43.431721787289376
1.5629783759130595e-6;43.38715399363528
1.5631434921462755e-6;43.230870162651456
1.5633084796838284e-6;43.173110202068116
1.563473338550791e-6;43.1975129337632
1.5636380687722742e-6;43.2292186958309
1.5638026703734252e-6;43.231902010602106
1.5639671433794279e-6;43.123889493705924
1.5641314878155046e-6;42.95127085252191
1.564295703706912e-6;42.8632171425687
1.5644597910789477e-6;42.79735367410502
1.5646237499569438e-6;42.77861238225117
1.5647875803662717e-6;42.72862275588906
1.564951282332339e-6;42.60643706735025
1.5651148558805929e-6;42.417456525706434
1.5652783010365177e-6;42.28605650355092
1.5654416178256345e-6;42.16192302363926
1.565604806273505e-6;42.013698093431216
1.5657678664057269e-6;41.93068916005273
1.565930798247938e-6;41.79379417881756
1.5660936018258132e-6;41.65006779568368
1.5662562771650673e-6;41.452896590541464
1.5664188242914533e-6;41.15843404112816
1.5665812432307625e-6;40.98851307028005
1.5667435340088268e-6;40.81023086451334
1.5669056966515154e-6;40.696311026203425
1.567067731184738e-6;40.51461244324184
1.5672296376344438e-6;40.31287248876998
1.5673914160266201e-6;39.98782269831736
1.5675530663872946e-6;39.76166500131975
1.5677145887425362e-6;39.39169679625178
1.5678759831184509e-6;39.139727115509714
1.5680372495411858e-6;38.996563803056354
1.5681983880369302e-6;38.70930358348696
1.5683593986319099e-6;38.38974954955468
1.5685202813523937e-6;38.08413551400368
1.5686810362246905e-6;37.5564621945668
1.5688416632751484e-6;37.31346975545955
1.569002162530158e-6;36.8761812957177
1.5691625340161495e-6;36.452257115354165
1.5693227777595943e-6;36.11617110554336
1.5694828937870055e-6;35.6702636615906
1.5696428821249366e-6;35.24136376592568
1.5698027427999824e-6;34.8925516836926
1.5699624758387796e-6;34.340896384178905
1.5701220812680067e-6;33.58505911490235
1.5702815591143833e-6;33.085644135612384
1.5704409094046705e-6;32.55995726722402
1.5706001321656721e-6;32.58397804095509
1.5707592274242336e-6;31.809855807867304
1.5709181952072424e-6;31.03803720955957
1.5710770355416285e-6;30.24895960107485
1.5712357484543643e-6;30.12415374762433
1.5713943339724647e-6;30.0987563371216
1.5715527921229866e-6;30.20775488193558
1.5717111229330316e-6;29.566485792052035
1.5718693264297412e-6;30.090257420869104
1.5720274026403025e-6;28.870543780509568
1.5721853515919444e-6;30.081741840064264
1.5723431733119393e-6;30.178677189635053
1.572500867827603e-6;30.484418035504042
1.5726584351662955e-6;31.048284036536554
1.5728158753554185e-6;31.740598077250255
1.57297318842242e-6;31.82414652434554
1.5731303743947892e-6;32.51151343175354
1.5732874333000617e-6;33.178544893314694
1.5734443651658151e-6;33.675422735205764
1.573601170019673e-6;34.22917980767662
1.5737578478893024e-6;34.906606533561366
1.573914398802414e-6;35.19959180752068
1.574070822786765e-6;35.88383768378728
1.5742271198701552e-6;36.40481436970422
1.574383290080431e-6;36.86278678067201
1.5745393334454828e-6;37.28921646372859
1.5746952499932465e-6;37.582304084577494
1.5748510397517025e-6;37.875313161272345
1.5750067027488768e-6;38.23800153749878
1.5751622390128407e-6;38.71280972857973
1.575317648571712e-6;39.011857801371505
1.5754729314536534e-6;39.405662864900904
1.575628087686873e-6;39.703933720796
1.5757831172996249e-6;40.111050298159796
1.5759380203202105e-6;40.42063349432156
1.5760927967769759e-6;40.716979452216144
1.5762474466983137e-6;40.870712059065355
1.5764019701126632e-6;41.077863843159534
1.5765563670485107e-6;41.33219456732494
1.5767106375343878e-6;41.49157506231856
1.5768647815988745e-6;41.789769472931695
1.5770187992705961e-6;41.986845730771435
1.5771726905782257e-6;42.241444321712905
1.577326455550484e-6;42.48120459883603
1.5774800942161371e-6;42.601906832699626
1.5776336066040009e-6;42.81783071506447
1.577786992742937e-6;42.95325147042704
1.5779402526618553e-6;43.063177811044326
1.5780933863897136e-6;43.1722734917642
1.5782463939555163e-6;43.32741350418574
1.5783992753883176e-6;43.53627758985543
1.5785520307172189e-6;43.777068413696234
1.5787046599713692e-6;43.90634881151876
1.5788571631799665e-6;44.04645595594691
1.5790095403722567e-6;44.09222800799023
1.5791617915775361e-6;44.10203417089454
1.5793139168251472e-6;44.17305583244526
1.5794659161444825e-6;44.27177644001561
1.5796177895649836e-6;44.4269921263019
1.5797695371161405e-6;44.54524735593097
1.5799211588274927e-6;44.66111022489792
1.5800726547286296e-6;44.76672251730178
1.5802240248491893e-6;44.84527606223334
1.5803752692188588e-6;44.896350977926645
1.5805263878673762e-6;44.923831850396226
1.5806773808245288e-6;44.93207021776733
1.5808282481201533e-6;44.97717302344146
1.580978989784137e-6;44.968328200386914
1.5811296058464166e-6;45.0508211450511
1.5812800963369813e-6;45.20457330171663
1.581430461285867e-6;45.28788191774896
1.5815807007231627e-6;45.412046906832586
1.5817308146790074e-6;45.39841088332225
1.5818808031835918e-6;45.41491877073948
1.5820306662671552e-6;45.353067815049044
1.5821804039599893e-6;45.266493769973806
1.5823300162924382e-6;45.38196578349455
1.582479503294894e-6;45.35243470502576
1.582628864997803e-6;45.422401662897165
1.5827781014316613e-6;45.451957446273106
1.582927212627018e-6;45.444897256349314
1.5830761986144724e-6;45.43148849668525
1.5832250594246772e-6;45.49248556854056
1.5833737950883352e-6;45.40517169592572
1.5835224056362027e-6;45.30455843584676
1.5836708910990882e-6;45.32423119067103
1.5838192515078513e-6;45.30967681571915
1.5839674868934057e-6;45.33123563378423
1.584115597286716e-6;45.37718377428597
1.5842635827188003e-6;45.3773096841162
1.5844114432207304e-6;45.281322062638374
1.5845591788236288e-6;45.262875725880804
1.5847067895586727e-6;45.16138576717075
1.5848542754570925e-6;45.02536362717219
1.5850016365501713e-6;44.992745818922174
1.5851488728692454e-6;44.930256326152154
1.585295984445705e-6;44.93931821773546
1.585442971310995e-6;44.99577120728488
1.5855898334966112e-6;44.84442207642407
1.5857365710341065e-6;44.811558708280344
1.5858831839550856e-6;44.80438147177817
1.5860296722912082e-6;44.6200845578399
1.5861760360741883e-6;44.51540828571949
1.5863222753357948e-6;44.44013550586799
1.5864683901078492e-6;44.42213152722819
1.5866143804222295e-6;44.42040549006305
1.5867602463108672e-6;44.385739902186344
1.58690598780575e-6;44.29897558687148
1.5870516049389195e-6;44.21324177463862
1.5871970977424722e-6;44.04337585310927
1.587342466248561e-6;43.91464411839103
1.5874877104893933e-6;43.86926806795569
1.5876328304972316e-6;43.77233376752749
1.5877778263043947e-6;43.6312288829415
1.587922697943257e-6;43.53531559077762
1.588067445446249e-6;43.43743295010094
1.5882120688458554e-6;43.38297090232692
1.5883565681746198e-6;43.21722674346009
1.58850094346514e-6;43.10183327571689
1.58864519475007e-6;42.99376533060346
1.5887893220621213e-6;42.843404814580964
1.5889333254340616e-6;42.65925747764311
1.5890772048987151e-6;42.54040257561709
1.5892209604889622e-6;42.512731136743724
1.5893645922377419e-6;42.42392331375743
1.5895081001780482e-6;42.2806655265797
1.5896514843429333e-6;42.157697084176434
1.5897947447655069e-6;42.009872191631665
1.5899378814789358e-6;41.84634656586273
1.5900808945164438e-6;41.7207725696948
1.5902237839113137e-6;41.563067994940724
1.5903665496968847e-6;41.48386687666821
1.5905091919065538e-6;41.32099521916504
1.5906517105737772e-6;41.24536828301277
1.5907941057320692e-6;41.15810141409786
1.590936377415e-6;41.082943509400884
1.5910785256562011e-6;40.90504941424044
1.5912205504893615e-6;40.70813359702716
1.5913624519482273e-6;40.62318695658775
1.5915042300666058e-6;40.527708694748824
1.591645884878361e-6;40.312468362326754
1.5917874164174179e-6;40.324575827149296
1.5919288247177585e-6;40.21933166477439
1.592070109813425e-6;40.09790719354298
1.5922112717385194e-6;39.98608029315094
1.5923523105272028e-6;39.881128402683515
1.5924932262136948e-6;39.730816496013674
1.5926340188322765e-6;39.64919294286643
1.592774688417288e-6;39.5104594813582
1.5929152350031286e-6;39.51871557128364
1.5930556586242585e-6;39.387198147823824
1.5931959593151982e-6;39.39319531078238
1.5933361371105282e-6;39.27216330591265
1.5934761920448893e-6;39.253120914996494
1.593616124152983e-6;39.132839017604184
1.5937559334695705e-6;39.12540882790638
1.5938956200294762e-6;39.082168530893924
1.5940351838675832e-6;38.98450919198375
1.594174625018836e-6;38.99546931090867
1.5943139435182414e-6;38.985057855343584
1.5944531394008652e-6;38.89413764042709
1.5945922127018378e-6;38.9867034296553
1.5947311634563481e-6;39.0036712865647
1.5948699916996476e-6;38.90812098955124
1.5950086974670507e-6;38.93151213129866
1.5951472807939316e-6;38.89189612047073
1.5952857417157293e-6;39.043909200123615
1.5954240802679423e-6;39.00476371389257
1.595562296486132e-6;38.884603180353864
1.5957003904059225e-6;39.255183581774304
