1.508551350241944e-6;45.47946912678907
1.5087554066771794e-6;45.34026106056135
1.5089593281001014e-6;45.458141159612836
1.509163114530234e-6;45.388877800147
1.5093667659871016e-6;45.65304610995565
1.5095702824902312e-6;45.609104430076414
1.5097736640591501e-6;45.68811655379341
1.5099769107133864e-6;45.5079073655196
1.5101800224724715e-6;45.64748891813018
1.5103829993559366e-6;45.78799605747632
1.5105858413833165e-6;45.851108969871746
1.5107885485741454e-6;45.863734801469924
1.5109911209479626e-6;45.84399077579434
1.5111935585243066e-6;45.76410463191415
1.5113958613227206e-6;45.92942483980194
1.5115980293627476e-6;45.94226757480914
1.5118000626639354e-6;45.96069024451576
1.5120019612458334e-6;45.958708321028716
1.5122037251279936e-6;45.92243395937578
1.5124053543299713e-6;45.79097326552643
1.5126068488713244e-6;45.93363612682998
1.5128082087716143e-6;45.956725492668525
1.5130094340504043e-6;45.94005601788341
1.5132105247272634e-6;45.906189482065784
1.5134114808217616e-6;45.885854063063164
1.5136123023534748e-6;45.87430322371405
1.5138129893419809e-6;45.93507589331765
1.514013541806861e-6;45.8953632259307
1.5142139597677028e-6;45.852689207633915
1.514414243244096e-6;45.71067978610245
1.5146143922556343e-6;45.82892505401443
1.5148144068219172e-6;45.79177447294852
1.5150142869625473e-6;45.7388068620502
1.5152140326971327e-6;45.70028954206655
1.5154136440452854e-6;45.70110765355413
1.5156131210266225e-6;45.5953558148424
1.5158124636607657e-6;45.59451753565618
1.5160116719673428e-6;45.505340865995066
1.5162107459659853e-6;45.58972426237116
1.5164096856763303e-6;45.48868290791856
1.5166084911180218e-6;45.42937408232619
1.516807162310707e-6;45.345971705459164
1.5170056992740404e-6;45.36230072633256
1.5172041020276814e-6;45.19092613490356
1.517402370591296e-6;45.206930964010034
1.5176005049845553e-6;45.15118468104545
1.517798505227137e-6;45.07518555576424
1.5179963713387255e-6;44.99577120728488
1.5181941033390106e-6;44.91739785689497
1.5183917012476894e-6;44.84128935764111
1.518589165084465e-6;44.85068074290869
1.5187864948690472e-6;44.769764657595275
1.5189836906211537e-6;44.74201690191393
1.5191807523605074e-6;44.6566534842533
1.51937768010684e-6;44.618735328350766
1.519574473879889e-6;44.659030981733025
1.5197711336994007e-6;44.57806229082977
1.5199676595851273e-6;44.50541619546718
1.5201640515568293e-6;44.49910164792211
1.5203603096342754e-6;44.46412887638856
1.5205564338372405e-6;44.41773662805184
1.5207524241855103e-6;44.414280370235986
1.5209482806988747e-6;44.383841070347145
1.5211440033971352e-6;44.32568465297358
1.5213395923000995e-6;44.38304964532098
1.521535047427585e-6;44.29978248073312
1.5217303687994168e-6;44.33609843323718
1.5219255564354285e-6;44.25452701120848
1.5221206103554633e-6;44.33785829743799
1.5223155305793727e-6;44.29978248073312
1.5225103171270175e-6;44.264136561316874
1.5227049700182678e-6;44.26771434792697
1.5228994892730021e-6;44.300427887900156
1.523093874911109e-6;44.33945755538029
1.5232881269524869e-6;44.37703009726349
1.5234822454170426e-6;44.34265430560305
1.5236762303246943e-6;44.3768715753786
1.5238700816953689e-6;44.402792132355884
1.524063799549003e-6;44.42024854357228
1.5242573839055443e-6;44.42024854357228
1.5244508347849504e-6;44.46055386031947
1.5246441522071892e-6;44.45526365746388
1.5248373361922387e-6;44.460242850234906
1.525030386760088e-6;44.46521634089079
1.5252233039307367e-6;44.502953074026344
1.5254160877241952e-6;44.54707692723513
1.5256087381604852e-6;44.54936280802849
1.5258012552596385e-6;44.55925441183637
1.525993639041699e-6;44.546162237926985
1.5261858895267224e-6;44.54570482102004
1.5263780067347741e-6;44.54570482102004
1.5265699906859325e-6;44.5860763618471
1.5267618414002871e-6;44.58668059764898
1.5269535588979399e-6;44.528440272961625
1.5271451431990035e-6;44.537463067703904
1.5273365943236034e-6;44.50187501895837
1.5275279122918778e-6;44.544027213392575
1.527719097123976e-6;44.5048005460606
1.5279101488400604e-6;44.540059381037906
1.5281010674603054e-6;44.46397350208595
1.5282918530048993e-6;44.419463726030514
1.5284825054940407e-6;44.37956566081315
1.5286730249479445e-6;44.364171040463674
1.5288634113868357e-6;44.38130800243104
1.5290536648309535e-6;44.30510422362542
1.5292437853005506e-6;44.19922721037602
1.5294337728158929e-6;44.130649468374116
1.5296236273972601e-6;44.038237489023075
1.5298133490649435e-6;44.0146947094309
1.5300029378392516e-6;44.006070565806894
1.5301923937405042e-6;43.871227599275855
1.5303817167890355e-6;43.77306251068199
1.530570907005194e-6;43.683612758721495
1.5307599644093431e-6;43.62896967802544
1.5309488890218603e-6;43.53319844242709
1.5311376808631356e-6;43.380379349031244
1.5313263399535763e-6;43.23561463462867
1.5315148663136034e-6;43.120715213029314
1.531703259963652e-6;42.95677034017465
1.5318915209241727e-6;42.88673919764514
1.532079649215632e-6;42.664668954402416
1.5322676448585101e-6;42.54161220847426
1.5324555078733033e-6;42.3578087032756
1.5326432382805234e-6;42.21440320811741
1.5328308361006974e-6;42.07768969739924
1.533018301354368e-6;41.86306384269908
1.533205634062094e-6;41.71697207248836
1.53339283424445e-6;41.55214539497588
1.5335799019220263e-6;41.331235754026196
1.53376683711543e-6;41.162755875805445
1.533953639845284e-6;41.035984939779375
1.5341403101322265e-6;40.900463224573556
1.534326847996915e-6;40.71219018399974
1.5345132534600217e-6;40.613393668370676
1.5346995265422352e-6;40.4127422505423
1.5348856672642625e-6;40.31004281363537
1.5350716756468259e-6;40.19946681678842
1.5352575517106664e-6;40.20775488193558
1.5354432954765413e-6;40.10299956639812
1.5356289069652252e-6;40.075770983043384
1.5358143861975106e-6;40.092808842553595
1.5359997331942073e-6;40.168662708289745
1.5361849479761436e-6;40.21065197202569
1.5363700305641643e-6;40.206512680043424
1.5365549809791339e-6;40.30680663999902
1.5367397992419324e-6;40.51268318870385
1.5369244853734609e-6;40.598662204109395
1.5371090393946375e-6;40.814193241349344
1.537293461326398e-6;40.90187487575421
1.5374777511896983e-6;41.06870544478654
1.5376619090055115e-6;41.241127921967845
1.5378459347948306e-6;41.484484035233834
1.5380298285786676e-6;41.712875506528604
1.5382135903780525e-6;41.95207549502754
1.5383972202140353e-6;42.15558257141162
1.5385807181076851e-6;42.35174807456458
1.538764084080091e-6;42.57870485823215
1.5389473181523602e-6;42.78067330888662
1.5391304203456208e-6;42.95083059251656
1.5393133906810199e-6;43.231489300840416
1.5394962291797256e-6;43.33366655509717
1.5396789358629254e-6;43.586010159430195
1.539861510751826e-6;43.719540271401314
1.5400439538676556e-6;43.86267042105014
1.5402262652316624e-6;44.03206341644807
1.5404084448651159e-6;44.19608834908103
1.5405904927893044e-6;44.33769833924866
1.540772409025538e-6;44.49107972426488
1.5409541935951488e-6;44.6544233976875
1.5411358465194874e-6;44.77150206720067
1.5413173678199276e-6;44.912636162646685
1.5414987575178635e-6;45.01989874055827
1.5416800156347108e-6;45.247984208862206
1.5418611421919068e-6;45.32270144609057
1.54204213721091e-6;45.519255096023564
1.5422230007132003e-6;45.49248556854056
1.5424037327202815e-6;45.63991022586152
1.5425843332536763e-6;45.79314762759406
1.5427648023349315e-6;45.88125983603135
1.5429451399856158e-6;45.95782717574159
1.5431253462273196e-6;45.95958928757548
1.543305421081657e-6;46.00057627735967
1.5434853645702626e-6;46.02743467041012
1.5436651767147959e-6;46.089750715099115
1.5438448575369381e-6;46.15202801215409
1.544024407058393e-6;46.153502481744994
1.544203825300888e-6;46.1320735210376
1.5443831122861734e-6;46.135775721071
1.5445622680360232e-6;46.16685520895512
1.544741292572235e-6;46.1785968715829
1.5449201859166286e-6;46.18633737597086
1.5450989480910493e-6;46.14485917334474
1.5452775791173635e-6;46.093595919813794
1.545456079017465e-6;46.06907789240003
1.545634447813269e-6;46.06692999314062
1.545812685526716e-6;46.031010493140556
1.5459907921797698e-6;45.956505122514024
1.5461687677944193e-6;45.87025878092789
1.5463466123926777e-6;45.80810972660946
1.5465243259965836e-6;45.7591491025193
1.546701908628199e-6;45.7262767852245
1.5468793603096113e-6;45.603371168756595
1.5470566810629336e-6;45.476762705546946
1.547233870910302e-6;45.26752694348148
1.5474109298738813e-6;45.166807754068266
1.5475878579758583e-6;45.10973731348933
1.5477646552384468e-6;44.95238975310663
1.5479413216838863e-6;44.80854571352134
1.5481178573344411e-6;44.7246389660699
1.5482942622124024e-6;44.46443960831864
1.5484705363400864e-6;44.336418461594356
1.5486466797398364e-6;44.21784845215252
1.5488226924340212e-6;44.07475885291256
1.5489985744450356e-6;43.8621350371676
1.549174325795302e-6;43.67355921026019
1.5493499465072675e-6;43.48791467560584
1.5495254366034086e-6;43.32256624164205
1.5497007961062248e-6;43.22777314703207
1.5498760250382466e-6;42.94488271007257
1.5500511234220287e-6;42.705623876973256
1.5502260912801543e-6;42.419447332442665
1.550400928635233e-6;42.157961325898334
1.5505756355099025e-6;41.94153436165099
1.5507502119268287e-6;41.779691360093764
1.5509246579087025e-6;41.45382891974875
1.5510989734782452e-6;41.165081237373464
1.5512731586582055e-6;40.858968111315875
1.5514472134713585e-6;40.64981821697305
1.55162113794051e-6;40.514226660890344
1.5517949320884916e-6;40.30194785356751
1.551968595938165e-6;39.99826247454413
1.552142129512419e-6;39.69741976762854
1.5523155328341726e-6;39.51871557128364
1.5524888059263717e-6;39.27216330591265
1.552661948811992e-6;39.14131512630894
1.5528349615140398e-6;39.00694774452398
1.5530078440555468e-6;38.71222556759707
1.5531805964595773e-6;38.705209500127644
1.5533532187492226e-6;38.55761372339948
1.5535257109476055e-6;38.572721735640414
1.5536980730778766e-6;38.39980557678343
1.5538703051632173e-6;38.41422044402359
1.554042407226838e-6;38.41234295506041
1.55421437929198e-6;38.43108141999607
1.5543862213819142e-6;38.549130223078556
1.5545579335199415e-6;38.714561740229534
1.5547295157293927e-6;38.857568810692676
1.5549009680336306e-6;38.96085085423285
1.5550722904560464e-6;38.988348380682744
1.5552434830200637e-6;39.27319024959656
1.555414545749136e-6;39.51531790542348
1.5555854786667486e-6;39.65718970244221
1.5557562817964163e-6;39.85336641735613
1.5559269551616864e-6;40.02122846225162
1.5560974987861375e-6;40.21023822031586
1.5562679126933777e-6;40.423785981398765
1.556438196907049e-6;40.61565561884839
1.5566083514508244e-6;40.897285330747366
1.5567783763484073e-6;40.980550396692436
1.5569482716235346e-6;41.18727550427005
1.5571180372999746e-6;41.33187498641167
1.5572876734015277e-6;41.569426848522255
1.5574571799520258e-6;41.7906322239498
1.5576265569753346e-6;41.98409633537761
1.5577958044953514e-6;42.079035303860515
1.5579649225360064e-6;42.169835593820935
1.5581339111212615e-6;42.337320093660466
1.558302770275114e-6;42.553690042664414
1.558471500021591e-6;42.712140972088335
1.558640100384755e-6;42.86389097228518
1.5588085713887e-6;42.89900961728627
1.5589769130575549e-6;42.963799537713854
1.5591451254154812e-6;43.06703744429641
1.5593132084866743e-6;43.18459865188351
1.5594811622953628e-6;43.3679983134811
1.5596489868658094e-6;43.440187377459125
1.559816682222311e-6;43.444315745748625
1.5599842483891978e-6;43.482269557052476
1.560151685390835e-6;43.550106800911465
1.5603189932516225e-6;43.68119458615028
1.5604861719959922e-6;43.73482100188979
1.5606532216484136e-6;43.86873349684179
1.5608201422333889e-6;43.80265525129201
1.5609869337754558e-6;43.79323650753315
1.5611535962991862e-6;43.81656482585787
1.5613201298291886e-6;43.86534635090479
1.5614865343901047e-6;43.9093510710338
1.5616528100066131e-6;43.95675785269936
1.5618189567034259e-6;43.91570195418217
1.561984974505293e-6;43.901399384676225
1.5621508634369983e-6;43.863384163575105
1.5623166235233619e-6;43.82107135819026
1.5624822547892395e-6;43.86516800686768
1.5626477572595237e-6;43.912527673505565
1.562813130959142e-6;43.893433112520775
1.5629783759130595e-6;43.82737265761331
1.5631434921462755e-6;43.71585011499013
1.5633084796838284e-6;43.641380786626016
1.563473338550791e-6;43.63630780112138
1.5636380687722742e-6;43.67933353674787
1.5638026703734252e-6;43.6608659902
1.5639671433794279e-6;43.536854687035074
1.5641314878155046e-6;43.386556655787
1.564295703706912e-6;43.29641910730211
1.5644597910789477e-6;43.22880573098306
1.5646237499569438e-6;43.16808752053022
1.5647875803662717e-6;43.12685006388759
1.564951282332339e-6;43.015074570384364
1.5651148558805929e-6;42.83391697297128
1.5652783010365177e-6;42.66772463513072
1.5654416178256345e-6;42.515165522916796
1.565604806273505e-6;42.367135633656375
1.5657678664057269e-6;42.237035635225354
1.565930798247938e-6;42.14605450290065
1.5660936018258132e-6;41.947085515751226
1.5662562771650673e-6;41.737979303704606
1.5664188242914533e-6;41.484484035233834
1.5665812432307625e-6;41.3100881279064
1.5667435340088268e-6;41.080235093460885
1.5669056966515154e-6;40.89975722687729
1.567067731184738e-6;40.70776462843435
1.5672296376344438e-6;40.511139167776015
1.5673914160266201e-6;40.20402720983878
1.5675530663872946e-6;39.87934265232158
1.5677145887425362e-6;39.51580344903392
1.5678759831184509e-6;39.26959488380276
1.5680372495411858e-6;39.01349325415642
1.5681983880369302e-6;38.86716274116478
1.5683593986319099e-6;38.40168849240756
1.5685202813523937e-6;38.07602669916494
1.5686810362246905e-6;37.558748556724915
1.5688416632751484e-6;37.27541257028556
1.569002162530158e-6;36.877072796248186
1.5691625340161495e-6;36.40481436970422
1.5693227777595943e-6;35.836521085420436
1.5694828937870055e-6;35.56302500767287
1.5696428821249366e-6;35.22183317618686
1.5698027427999824e-6;34.53012391121455
1.5699624758387796e-6;34.08579125408667
1.5701220812680067e-6;33.63799945479109
1.5702815591143833e-6;33.09204179670408
1.5704409094046705e-6;32.53822438708073
1.5706001321656721e-6;31.86391215695493
1.5707592274242336e-6;31.007150865730818
1.5709181952072424e-6;31.075491297446863
1.5710770355416285e-6;30.064660422492317
1.5712357484543643e-6;30.09450895798694
1.5713943339724647e-6;30.20775488193558
1.5715527921229866e-6;30.153597554092144
1.5717111229330316e-6;30.086001717619176
1.5718693264297412e-6;30.22840610876528
1.5720274026403025e-6;29.978230807457255
1.5721853515919444e-6;30.19116290447073
1.5723431733119393e-6;31.04487111312395
1.572500867827603e-6;31.15943176939055
1.5726584351662955e-6;31.80412632838324
1.5728158753554185e-6;32.46005904076029
1.57297318842242e-6;33.00378064870702
1.5731303743947892e-6;33.662361237182935
1.5732874333000617e-6;34.119562379304014
1.5734443651658151e-6;34.5132580848952
1.573601170019673e-6;35.09471352102548
1.5737578478893024e-6;35.55819683061191
1.573914398802414e-6;35.845573605256746
1.574070822786765e-6;36.406801532776655
1.5742271198701552e-6;36.97926444806505
1.574383290080431e-6;37.507397512353506
1.5745393334454828e-6;37.88380515319563
1.5746952499932465e-6;38.23865309324511
1.5748510397517025e-6;38.5582190540603
1.5750067027488768e-6;38.84795363948981
1.5751622390128407e-6;39.27216330591265
1.575317648571712e-6;39.52404939577025
1.5754729314536534e-6;39.99826247454413
1.575628087686873e-6;40.236639181977935
1.5757831172996249e-6;40.62243441026478
1.5759380203202105e-6;40.90187487575421
1.5760927967769759e-6;41.17039167877679
1.5762474466983137e-6;41.32131560165341
1.5764019701126632e-6;41.57214922391151
1.5765563670485107e-6;41.79580513395409
1.5767106375343878e-6;42.00686375969617
1.5768647815988745e-6;42.20944476323413
1.5770187992705961e-6;42.411977096980564
1.5771726905782257e-6;42.664668954402416
1.577326455550484e-6;42.91834867415639
1.5774800942161371e-6;43.01312195372246
1.5776336066040009e-6;43.2333461859905
1.577786992742937e-6;43.34312984758231
1.5779402526618553e-6;43.442743496724646
1.5780933863897136e-6;43.567713616696004
1.5782463939555163e-6;43.6776579101491
1.5783992753883176e-6;43.869980727100554
1.5785520307172189e-6;44.07696757633897
1.5787046599713692e-6;44.21965688225113
1.5788571631799665e-6;44.341855338619716
1.5790095403722567e-6;44.38621448045396
1.5791617915775361e-6;44.41600884296931
1.5793139168251472e-6;44.4649056645319
1.5794659161444825e-6;44.56669629423757
1.5796177895649836e-6;44.72537053262077
1.5797695371161405e-6;44.810841518150895
1.5799211588274927e-6;44.92173485618879
1.5800726547286296e-6;45.0317760941806
1.5802240248491893e-6;45.10129282621902
1.5803752692188588e-6;45.154234269191875
1.5805263878673762e-6;45.16839339737029
1.5806773808245288e-6;45.166411252768306
1.5808282481201533e-6;45.196311389796136
1.580978989784137e-6;45.182638195285676
1.5811296058464166e-6;45.247335591865166
1.5812800963369813e-6;45.398536179250556
1.581430461285867e-6;45.46221759250909
1.5815807007231627e-6;45.56929362394441
1.5817308146790074e-6;45.549613574546555
1.5818808031835918e-6;45.55904214916626
1.5820306662671552e-6;45.49224033604838
1.5821804039599893e-6;45.39653101048682
1.5823300162924382e-6;45.50105999347593
1.582479503294894e-6;45.46629020271727
1.582628864997803e-6;45.52339633831198
1.5827781014316613e-6;45.552879628878166
1.582927212627018e-6;45.534096546543516
1.5830761986144724e-6;45.51169323782296
1.5832250594246772e-6;45.55384687717147
1.5833737950883352e-6;45.46542663478131
1.5835224056362027e-6;45.35420718056173
1.5836708910990882e-6;45.368613330744985
1.5838192515078513e-6;45.33683106579122
1.5839674868934057e-6;45.34444960088947
1.584115597286716e-6;45.38146266199038
1.5842635827188003e-6;45.37037921696103
1.5844114432207304e-6;45.27101209057118
1.5845591788236288e-6;45.244610342154495
1.5847067895586727e-6;45.126710577297196
1.5848542754570925e-6;44.99178275320827
1.5850016365501713e-6;44.95308394674616
1.5851488728692454e-6;44.88028685482944
1.585295984445705e-6;44.86940280704695
1.585442971310995e-6;44.91459749259829
1.5855898334966112e-6;44.76990946827931
1.5857365710341065e-6;44.73370169288795
1.5858831839550856e-6;44.68568852723465
1.5860296722912082e-6;44.52721539868761
1.5861760360741883e-6;44.424170505313185
1.5863222753357948e-6;44.341695527583326
1.5864683901078492e-6;44.30800424624181
1.5866143804222295e-6;44.305909979730636
1.5867602463108672e-6;44.22294300893562
1.58690598780575e-6;44.13165598345893
1.5870516049389195e-6;44.04337585310927
1.5871970977424722e-6;43.86481129682074
1.587342466248561e-6;43.76266635870102
1.5874877104893933e-6;43.7032800777951
1.5876328304972316e-6;43.58087204301404
1.5877778263043947e-6;43.421264699557256
1.587922697943257e-6;43.30900559667934
1.588067445446249e-6;43.172691867066206
1.5882120688458554e-6;43.10140801796194
1.5883565681746198e-6;42.90591042549338
1.58850094346514e-6;42.77563376055919
1.58864519475007e-6;42.6585511354737
1.5887893220621213e-6;42.480468693586616
1.5889333254340616e-6;42.34719704621875
1.5890772048987151e-6;42.20631019448092
1.5892209604889622e-6;42.149762347220666
1.5893645922377419e-6;42.01615582313942
1.5895081001780482e-6;41.86560828852073
1.5896514843429333e-6;41.72223341427753
1.5897947447655069e-6;41.56488576050017
1.5899378814789358e-6;41.4123021889658
1.5900808945164438e-6;41.258389639950046
1.5902237839113137e-6;41.072438975789744
1.5903665496968847e-6;40.98401422270078
1.5905091919065538e-6;40.79904467666721
1.5906517105737772e-6;40.751453270538526
1.5907941057320692e-6;40.62318695658775
1.590936377415e-6;40.52116550549998
1.5910785256562011e-6;40.38302172199525
1.5912205504893615e-6;40.20609853377705
1.5913624519482273e-6;40.092808842553595
1.5915042300666058e-6;40.00086850211649
1.591645884878361e-6;39.77174676020188
1.5917874164174179e-6;39.773577295453016
1.5919288247177585e-6;39.65013450272248
1.592070109813425e-6;39.622746046233146
1.5922112717385194e-6;39.47580749304323
1.5923523105272028e-6;39.390197764486665
1.5924932262136948e-6;39.27626962444954
1.5926340188322765e-6;39.14501822827314
1.592774688417288e-6;39.115837009810754
1.5929152350031286e-6;39.11636933129442
1.5930556586242585e-6;38.987251815894936
1.5931959593151982e-6;39.00257858437777
1.5933361371105282e-6;38.885164610749456
1.5934761920448893e-6;38.85982811354973
1.593616124152983e-6;38.84342147647059
1.5937559334695705e-6;38.85248107781386
1.5938956200294762e-6;38.85474302829157
1.5940351838675832e-6;38.724476477890136
1.594174625018836e-6;38.83263859584974
1.5943139435182414e-6;38.85813374660489
1.5944531394008652e-6;38.87167020894774
1.5945922127018378e-6;38.85587356189656
1.5947311634563481e-6;38.86772643054438
1.5948699916996476e-6;38.86265059029756
1.5950086974670507e-6;38.978469315795714
1.5951472807939316e-6;39.00039235487325
1.5952857417157293e-6;39.05202028662319
1.5954240802679423e-6;39.14818980447473
1.595562296486132e-6;38.9867034296553
1.5957003904059225e-6;39.476297473843545
