1.508551350241944e-6;45.517061073895995
1.5087554066771794e-6;45.41491877073948
1.5089593281001014e-6;45.5546930427502
1.509163114530234e-6;45.504362752802905
1.5093667659871016e-6;45.78352641510361
1.5095702824902312e-6;45.77457330653359
1.5097736640591501e-6;45.84308604274195
1.5099769107133864e-6;45.67414586029773
1.5101800224724715e-6;45.87475237383664
1.5103829993559366e-6;46.016037425494154
1.5105858413833165e-6;46.055851457844234
1.5107885485741454e-6;46.04528441456295
1.5109911209479626e-6;46.024398328431886
1.5111935585243066e-6;46.087185352591426
1.5113958613227206e-6;46.137678481464164
1.5115980293627476e-6;46.183723883517104
1.5118000626639354e-6;46.21446333120151
1.5120019612458334e-6;46.240860517094106
1.5122037251279936e-6;46.2396218875473
1.5124053543299713e-6;46.178910944273554
1.5126068488713244e-6;46.16160312847583
1.5128082087716143e-6;46.27816305862376
1.5130094340504043e-6;46.288383199874914
1.5132105247272634e-6;46.24395554631505
1.5134114808217616e-6;46.236317147316754
1.5136123023534748e-6;46.253639046057
1.5138129893419809e-6;46.22990704810086
1.514013541806861e-6;46.24240830741628
1.5142139597677028e-6;46.190515695341674
1.514414243244096e-6;46.15802808230036
1.5146143922556343e-6;46.148023355157804
1.5148144068219172e-6;46.16538526654168
1.5150142869625473e-6;46.14559768866271
1.5152140326971327e-6;46.11967463644433
1.5154136440452854e-6;46.07304870773328
1.5156131210266225e-6;46.01081727784023
1.5158124636607657e-6;45.965970956264606
1.5160116719673428e-6;45.904182524397584
1.5162107459659853e-6;45.9194344194442
1.5164096856763303e-6;45.85641178033753
1.5166084911180218e-6;45.76939964334893
1.516807162310707e-6;45.67249929072087
1.5170056992740404e-6;45.63267445405564
1.5172041020276814e-6;45.469989264452764
1.517402370591296e-6;45.45616332913136
1.5176005049845553e-6;45.380204603171286
1.517798505227137e-6;45.26274645425754
1.5179963713387255e-6;45.156619410571196
1.5181941033390106e-6;45.0238614687417
1.5183917012476894e-6;44.91403720299015
1.518589165084465e-6;44.8877626544444
1.5187864948690472e-6;44.74842478919821
1.5189836906211537e-6;44.69483281434522
1.5191807523605074e-6;44.55514832696029
1.51937768010684e-6;44.50557009418329
1.519574473879889e-6;44.5046466200715
1.5197711336994007e-6;44.376713047707284
1.5199676595851273e-6;44.25550522537713
1.5201640515568293e-6;44.17554724363455
1.5203603096342754e-6;44.143381455823686
1.5205564338372405e-6;44.04628489641919
1.5207524241855103e-6;44.00347997967295
1.5209482806988747e-6;43.952040393618496
1.5211440033971352e-6;43.87104949659506
1.5213395923000995e-6;43.819629776559985
1.521535047427585e-6;43.776522371724184
1.5217303687994168e-6;43.725622182855005
1.5219255564354285e-6;43.68007805221175
1.5221206103554633e-6;43.62783963469914
1.5223155305793727e-6;43.64382122338207
1.5225103171270175e-6;43.57629971956762
1.5227049700182678e-6;43.584678638769205
1.5228994892730021e-6;43.5778243623142
1.523093874911109e-6;43.59797551034401
1.5232881269524869e-6;43.54722934448934
1.5234822454170426e-6;43.5839175864902
1.5236762303246943e-6;43.543581827353215
1.5238700816953689e-6;43.63630780112138
1.524063799549003e-6;43.65637715794608
1.5242573839055443e-6;43.6752364186902
1.5244508347849504e-6;43.65150901493603
1.5246441522071892e-6;43.63555574348601
1.5248373361922387e-6;43.731695589037216
1.525030386760088e-6;43.78088878638786
1.5252233039307367e-6;43.777250412431485
1.5254160877241952e-6;43.87051514472493
1.5256087381604852e-6;43.870693269320206
1.5258012552596385e-6;43.9093510710338
1.525993639041699e-6;43.904405066475256
1.5261858895267224e-6;43.951865574465046
1.5263780067347741e-6;43.96269107674459
1.5265699906859325e-6;44.04440279679319
1.5267618414002871e-6;44.0224418233262
1.5269535588979399e-6;43.99708325240421
1.5271451431990035e-6;44.045771677406236
1.5273365943236034e-6;44.07594830510745
1.5275279122918778e-6;44.13132050434872
1.527719097123976e-6;44.13098499932178
1.5279101488400604e-6;44.170895452709985
1.5281010674603054e-6;44.17039675088719
1.5282918530048993e-6;44.16773604023939
1.5284825054940407e-6;44.16057729263038
1.5286730249479445e-6;44.16939917541042
1.5288634113868357e-6;44.18234981756764
1.5290536648309535e-6;44.179696422147366
1.5292437853005506e-6;44.11838481402911
1.5294337728158929e-6;44.08867203386819
1.5296236273972601e-6;44.040807430999386
1.5298133490649435e-6;44.04320467221731
1.5300029378392516e-6;44.08273893242956
1.5301923937405042e-6;43.95588463568244
1.5303817167890355e-6;43.9123512565331
1.530570907005194e-6;43.86891169452432
1.5307599644093431e-6;43.81710585671034
1.5309488890218603e-6;43.771787129902435
1.5311376808631356e-6;43.68565785360332
1.5313263399535763e-6;43.59418055657314
1.5315148663136034e-6;43.5330059232073
1.531703259963652e-6;43.43388897462354
1.5318915209241727e-6;43.400274682826605
1.532079649215632e-6;43.279512145681934
1.5322676448585101e-6;43.1626397191069
1.5324555078733033e-6;43.052008452764085
1.5326432382805234e-6;42.95435142353148
1.5328308361006974e-6;42.84498410828046
1.533018301354368e-6;42.710745274759006
1.533205634062094e-6;42.6150077319828
1.53339283424445e-6;42.4760506415077
1.5335799019220263e-6;42.357556345867174
1.53376683711543e-6;42.223782659449554
1.533953639845284e-6;42.158753954612756
1.5341403101322265e-6;42.04119982655925
1.534326847996915e-6;41.911714557285585
1.5345132534600217e-6;41.789769472931695
1.5346995265422352e-6;41.63906433457751
1.5348856672642625e-6;41.56246190397344
1.5350716756468259e-6;41.4813973650122
1.5352575517106664e-6;41.40445188347875
1.5354432954765413e-6;41.32899769944483
1.5356289069652252e-6;41.23753668755842
1.5358143861975106e-6;41.24406399745028
1.5359997331942073e-6;41.237863286153726
1.5361849479761436e-6;41.24406399745028
1.5363700305641643e-6;41.241127921967845
1.5365549809791339e-6;41.2057393120585
1.5367397992419324e-6;41.32227660733368
1.5369244853734609e-6;41.32515834912638
1.5371090393946375e-6;41.494962334657416
1.537293461326398e-6;41.49126699742614
1.5374777511896983e-6;41.562764960030165
1.5376619090055115e-6;41.69880072874386
1.5378459347948306e-6;41.85712099870006
1.5380298285786676e-6;41.93319430374477
1.5382135903780525e-6;42.159018132040316
1.5383972202140353e-6;42.241444321712905
1.5385807181076851e-6;42.377447538751845
1.538764084080091e-6;42.545239086856995
1.5389473181523602e-6;42.69512944217916
1.5391304203456208e-6;42.82984440133955
1.5393133906810199e-6;43.0087796598857
1.5394962291797256e-6;43.10841945164296
1.5396789358629254e-6;43.30048325210463
1.539861510751826e-6;43.43152471662257
1.5400439538676556e-6;43.52780467571325
1.5402262652316624e-6;43.67113543177637
1.5404084448651159e-6;43.820170425748685
1.5405904927893044e-6;43.92204356370863
1.540772409025538e-6;44.04132123695313
1.5409541935951488e-6;44.19922721037602
1.5411358465194874e-6;44.30510422362542
1.5413173678199276e-6;44.385739902186344
1.5414987575178635e-6;44.46055386031947
1.5416800156347108e-6;44.61693570341295
1.5418611421919068e-6;44.69439079183608
1.54204213721091e-6;44.86033552155787
1.5422230007132003e-6;44.85281231935596
1.5424037327202815e-6;44.95474955889315
1.5425843332536763e-6;45.057602759200854
1.5427648023349315e-6;45.17169496267124
1.5429451399856158e-6;45.21334256777568
1.5431253462273196e-6;45.23954462257065
1.543305421081657e-6;45.33034478635811
1.5434853645702626e-6;45.38372624990156
1.5436651767147959e-6;45.43049360639533
1.5438448575369381e-6;45.436459532332464
1.544024407058393e-6;45.38950562014361
1.544203825300888e-6;45.37932374511008
1.5443831122861734e-6;45.401291775513485
1.5445622680360232e-6;45.38824988937904
1.544741292572235e-6;45.498244549352414
1.5449201859166286e-6;45.40867316333106
1.5450989480910493e-6;45.34026106056135
1.5452775791173635e-6;45.28852450779512
1.545456079017465e-6;45.30890944318972
1.545634447813269e-6;45.24837333256761
1.545812685526716e-6;45.14999078078681
1.5459907921797698e-6;45.154101722921574
1.5461687677944193e-6;44.951695448486674
1.5463466123926777e-6;44.915297752974695
1.5465243259965836e-6;44.80854571352134
1.546701908628199e-6;44.80481244061755
1.5468793603096113e-6;44.65873386571601
1.5470566810629336e-6;44.54021205702601
1.547233870910302e-6;44.38114963661999
1.5474109298738813e-6;44.30058922470643
1.5475878579758583e-6;44.17405256843686
1.5477646552384468e-6;44.08663874063811
1.5479413216838863e-6;43.96077239112954
1.5481178573344411e-6;43.77506592406633
1.5482942622124024e-6;43.63781152580866
1.5484705363400864e-6;43.429947829274774
1.5486466797398364e-6;43.34554270647249
1.5488226924340212e-6;43.16976239321547
1.5489985744450356e-6;42.94906910605192
1.549174325795302e-6;42.67969158685094
1.5493499465072675e-6;42.47580506233837
1.5495254366034086e-6;42.28426025467109
1.5497007961062248e-6;42.147643966680384
1.5498760250382466e-6;41.86334663252949
1.5500511234220287e-6;41.6387665564692
1.5502260912801543e-6;41.329957006922655
1.550400928635233e-6;41.07854147536859
1.5505756355099025e-6;40.80410007155636
1.5507502119268287e-6;40.62243441026478
1.5509246579087025e-6;40.20112569565467
1.5510989734782452e-6;39.9361255793889
1.5512731586582055e-6;39.54097720479189
1.5514472134713585e-6;39.37618179393824
1.55162113794051e-6;39.128063926612924
1.5517949320884916e-6;38.859263398014306
1.551968595938165e-6;38.57151502687493
1.552142129512419e-6;38.24516328007209
1.5523155328341726e-6;38.01129187579704
1.5524888059263717e-6;37.71954748963949
1.552661948811992e-6;37.51356099725393
1.5528349615140398e-6;37.311050512159206
1.5530078440555468e-6;37.11638538232349
1.5531805964595773e-6;36.87796411381294
1.5533532187492226e-6;36.86368103473036
1.5535257109476055e-6;36.87528961214635
1.5536980730778766e-6;36.66330744301968
1.5538703051632173e-6;36.63700925389648
1.554042407226838e-6;36.650178254124725
1.55421437929198e-6;36.80516809381255
1.5543862213819142e-6;36.85293781386784
1.5545579335199415e-6;37.10117365111816
1.5547295157293927e-6;37.28353782021229
1.5549009680336306e-6;37.32232880220498
1.5550722904560464e-6;37.512791039833424
1.5552434830200637e-6;37.71440486639912
1.555414545749136e-6;38.07602669916494
1.5555854786667486e-6;38.251014115980034
1.5557562817964163e-6;38.38974954955468
1.5559269551616864e-6;38.710472613054996
1.5560974987861375e-6;38.85417765110936
1.5562679126933777e-6;39.13813852383717
1.556438196907049e-6;39.39668983522326
1.5566083514508244e-6;39.646838149760406
1.5567783763484073e-6;39.875768947269876
1.5569482716235346e-6;40.045792939022114
1.5571180372999746e-6;40.21644036087444
1.5572876734015277e-6;40.52116550549998
1.5574571799520258e-6;40.7092403147615
1.5576265569753346e-6;40.946807133711545
1.5577958044953514e-6;41.06768665176806
1.5579649225360064e-6;41.198165459372156
1.5581339111212615e-6;41.35164466656954
1.558302770275114e-6;41.642933593144626
1.558471500021591e-6;41.789769472931695
1.558640100384755e-6;41.95595263005526
1.5588085713887e-6;42.00850498091078
1.5589769130575549e-6;42.10131168184135
1.5591451254154812e-6;42.21909546588134
1.5593132084866743e-6;42.35578943330128
1.5594811622953628e-6;42.54282150450831
1.5596489868658094e-6;42.67007369664355
1.559816682222311e-6;42.69162565431745
1.5599842483891978e-6;42.71725469490239
1.560151685390835e-6;42.8463373316459
1.5603189932516225e-6;42.95435142353148
1.5604861719959922e-6;43.05867056602291
1.5606532216484136e-6;43.18397279217511
1.5608201422333889e-6;43.17624643080059
1.5609869337754558e-6;43.167668701414314
1.5611535962991862e-6;43.223020096150194
1.5613201298291886e-6;43.287872003545345
1.5614865343901047e-6;43.3631961625354
1.5616528100066131e-6;43.43467677469264
1.5618189567034259e-6;43.38097753706539
1.561984974505293e-6;43.37858429041094
1.5621508634369983e-6;43.356584522893016
1.5623166235233619e-6;43.33427121152962
1.5624822547892395e-6;43.39352049045587
1.5626477572595237e-6;43.43093345096137
1.562813130959142e-6;43.43290402353433
1.5629783759130595e-6;43.38556091009445
1.5631434921462755e-6;43.230044507740416
1.5633084796838284e-6;43.1722734917642
1.563473338550791e-6;43.196888932494986
1.5636380687722742e-6;43.23045735481702
1.5638026703734252e-6;43.2349960843175
1.5639671433794279e-6;43.12600439261259
1.5641314878155046e-6;42.94554398831047
1.564295703706912e-6;42.8476901334902
1.5644597910789477e-6;42.78547833775853
1.5646237499569438e-6;42.773799746672545
1.5647875803662717e-6;42.723058444020864
1.564951282332339e-6;42.608581319711405
1.5651148558805929e-6;42.41397041649647
1.5652783010365177e-6;42.29118455328952
1.5654416178256345e-6;42.158753954612756
1.565604806273505e-6;42.01779353725061
1.5657678664057269e-6;41.902196077110546
1.565930798247938e-6;41.79695383324507
1.5660936018258132e-6;41.647393842914326
1.5662562771650673e-6;41.4123021889658
1.5664188242914533e-6;41.155439480322194
1.5665812432307625e-6;40.99300726233463
1.5667435340088268e-6;40.813112951599805
1.5669056966515154e-6;40.63708559391418
1.567067731184738e-6;40.51191124685698
1.5672296376344438e-6;40.31004281363537
1.5673914160266201e-6;39.990434996031624
1.5675530663872946e-6;39.729892268553485
1.5677145887425362e-6;39.39419403329317
1.5678759831184509e-6;39.14924648205148
1.5680372495411858e-6;38.98450919198375
1.5681983880369302e-6;38.71748018991872
1.5683593986319099e-6;38.392265740134356
1.5685202813523937e-6;38.05976350717563
1.5686810362246905e-6;37.52048447819439
1.5688416632751484e-6;37.30378468587643
1.569002162530158e-6;36.8708284460437
1.5691625340161495e-6;36.43057683751453
1.5693227777595943e-6;36.110857334148726
1.5694828937870055e-6;35.63362409486607
1.5696428821249366e-6;35.24136376592568
1.5698027427999824e-6;34.90800952010855
1.5699624758387796e-6;34.15640979896154
1.5701220812680067e-6;33.58696099573811
1.5702815591143833e-6;33.12600439261259
1.5704409094046705e-6;32.5478968739721
1.5706001321656721e-6;32.55272505103306
1.5707592274242336e-6;31.87238619831479
1.5709181952072424e-6;31.04487111312395
1.5710770355416285e-6;30.136796972911924
1.5712357484543643e-6;30.12415374762433
1.5713943339724647e-6;30.153597554092144
1.5715527921229866e-6;30.232524596337115
1.5717111229330316e-6;29.28907690243953
1.5718693264297412e-6;30.034605321095068
1.5720274026403025e-6;28.86490725172482
1.5721853515919444e-6;30.11993114659257
1.5723431733119393e-6;30.203612826477077
1.572500867827603e-6;30.37824750588342
1.5726584351662955e-6;31.00370545117563
1.5728158753554185e-6;31.690863574870228
1.57297318842242e-6;31.88084373714938
1.5731303743947892e-6;32.52853030979893
1.5732874333000617e-6;33.18063334962761
1.5734443651658151e-6;33.66422957225973
1.573601170019673e-6;34.20945405921972
1.5737578478893024e-6;34.91361693834273
1.573914398802414e-6;35.19302849235429
1.574070822786765e-6;35.87823171318955
1.5742271198701552e-6;36.38289535414257
1.574383290080431e-6;36.84216795138881
1.5745393334454828e-6;37.25012725341157
1.5746952499932465e-6;37.54806855354423
1.5748510397517025e-6;37.88239097382168
1.5750067027488768e-6;38.22886947834151
1.5751622390128407e-6;38.70988813760575
1.575317648571712e-6;39.008039348103694
1.5754729314536534e-6;39.40117866747718
1.575628087686873e-6;39.66986025117938
1.5757831172996249e-6;40.09918084665902
1.5759380203202105e-6;40.42575512440191
1.5760927967769759e-6;40.71219018399974
1.5762474466983137e-6;40.86644520610805
1.5764019701126632e-6;41.076508261464866
1.5765563670485107e-6;41.329957006922655
1.5767106375343878e-6;41.48386687666821
1.5768647815988745e-6;41.789769472931695
1.5770187992705961e-6;41.990142709346195
1.5771726905782257e-6;42.22430314660491
1.577326455550484e-6;42.47162809039331
1.5774800942161371e-6;42.60333794370303
1.5776336066040009e-6;42.79689753033619
1.577786992742937e-6;42.95611076923876
1.5779402526618553e-6;43.060388163363484
1.5780933863897136e-6;43.173946751202756
1.5782463939555163e-6;43.3310454039859
1.5783992753883176e-6;43.53570041598004
1.5785520307172189e-6;43.77306251068199
1.5787046599713692e-6;43.90740866952916
1.5788571631799665e-6;44.046798054790656
1.5790095403722567e-6;44.09155090402581
1.5791617915775361e-6;44.10659156691367
1.5793139168251472e-6;44.17571328690727
1.5794659161444825e-6;44.2845877351558
1.5796177895649836e-6;44.43309935675799
1.5797695371161405e-6;44.54524735593097
1.5799211588274927e-6;44.65873386571601
1.5800726547286296e-6;44.76150245679268
1.5802240248491893e-6;44.84541837687687
1.5803752692188588e-6;44.893396258579855
1.5805263878673762e-6;44.92257377537992
1.5806773808245288e-6;44.93402279262493
1.5808282481201533e-6;44.97993334057703
1.580978989784137e-6;44.97993334057703
1.5811296058464166e-6;45.05367071292136
1.5812800963369813e-6;45.20365608728146
1.581430461285867e-6;45.28453891597644
1.5815807007231627e-6;45.40216818960606
1.5817308146790074e-6;45.38397768685742
1.5818808031835918e-6;45.40417075793183
1.5820306662671552e-6;45.345971705459164
1.5821804039599893e-6;45.2689471558467
1.5823300162924382e-6;45.3763023032496
1.582479503294894e-6;45.35028144032475
1.582628864997803e-6;45.4130460314287
1.5827781014316613e-6;45.44402942363683
1.582927212627018e-6;45.44018407858776
1.5830761986144724e-6;45.42924967294684
1.5832250594246772e-6;45.48413988554237
1.5833737950883352e-6;45.395653457947695
1.5835224056362027e-6;45.294688539443264
1.5836708910990882e-6;45.31466143487293
1.5838192515078513e-6;45.30327789778086
1.5839674868934057e-6;45.32295644094248
1.584115597286716e-6;45.3701269914582
1.5842635827188003e-6;45.364574321089506
1.5844114432207304e-6;45.2750101098112
1.5845591788236288e-6;45.25057770857742
1.5847067895586727e-6;45.15118468104545
1.5848542754570925e-6;45.02399805007103
1.5850016365501713e-6;44.988892274020685
1.5851488728692454e-6;44.93207021776733
1.585295984445705e-6;44.93485934175957
1.585442971310995e-6;44.98420836797279
1.5855898334966112e-6;44.84328316739793
1.5857365710341065e-6;44.80825865259064
1.5858831839550856e-6;44.797624037197025
1.5860296722912082e-6;44.62188287870163
1.5861760360741883e-6;44.51556183076428
1.5863222753357948e-6;44.447004291341415
1.5864683901078492e-6;44.42464090280285
1.5866143804222295e-6;44.42275900706588
1.5867602463108672e-6;44.384474106543735
1.58690598780575e-6;44.298007116306465
1.5870516049389195e-6;44.21060719191879
1.5871970977424722e-6;44.04525839773747
1.587342466248561e-6;43.918169236132485
1.5874877104893933e-6;43.86588133907789
1.5876328304972316e-6;43.77105817269054
1.5877778263043947e-6;43.62746288823878
1.587922697943257e-6;43.536085207086394
1.588067445446249e-6;43.43743295010094
1.5882120688458554e-6;43.37359412001355
1.5883565681746198e-6;43.223020096150194
1.58850094346514e-6;43.106933123433606
1.58864519475007e-6;42.97979244159363
1.5887893220621213e-6;42.835499720026846
1.5889333254340616e-6;42.66584447066863
1.5890772048987151e-6;42.542579672238354
1.5892209604889622e-6;42.48929133718768
1.5893645922377419e-6;42.42218320247613
1.5895081001780482e-6;42.28349020623638
1.5896514843429333e-6;42.16271492970176
1.5897947447655069e-6;42.02188512266052
1.5899378814789358e-6;41.82043545943064
1.5900808945164438e-6;41.7207725696948
1.5902237839113137e-6;41.5642799231805
1.5903665496968847e-6;41.48695179285065
1.5905091919065538e-6;41.32611850495454
1.5906517105737772e-6;41.24014878887408
1.5907941057320692e-6;41.111616595775885
1.590936377415e-6;41.04623660435326
1.5910785256562011e-6;40.90258052931317
1.5912205504893615e-6;40.709977969934236
1.5913624519482273e-6;40.618293072947
1.5915042300666058e-6;40.48674814992229
1.591645884878361e-6;40.30680663999902
1.5917874164174179e-6;40.29586671630457
1.5919288247177585e-6;40.21767972682406
1.592070109813425e-6;40.1000297412706
1.5922112717385194e-6;39.98695158311656
1.5923523105272028e-6;39.87487506133093
1.5924932262136948e-6;39.65671971220107
1.5926340188322765e-6;39.65671971220107
1.592774688417288e-6;39.51531790542348
1.5929152350031286e-6;39.51483230752294
1.5930556586242585e-6;39.39219635854818
1.5931959593151982e-6;39.32473764677153
1.5933361371105282e-6;39.2813970687512
1.5934761920448893e-6;39.19862253555538
1.593616124152983e-6;39.12859475162355
1.5937559334695705e-6;39.13813852383717
1.5938956200294762e-6;39.02002891350729
1.5940351838675832e-6;38.97901874268228
1.594174625018836e-6;39.0036712865647
1.5943139435182414e-6;38.87504774235378
1.5944531394008652e-6;38.87223331362523
1.5945922127018378e-6;38.90588667705487
1.5947311634563481e-6;38.99984562549391
1.5948699916996476e-6;38.863779067585725
1.5950086974670507e-6;38.90141460064577
1.5951472807939316e-6;38.86716274116478
1.5952857417157293e-6;39.051480018560156
1.5954240802679423e-6;38.99929882727864
1.595562296486132e-6;38.844554960704876
1.5957003904059225e-6;39.247443524799486
