1.508551350241944e-6;45.480821705205955
1.5087554066771794e-6;45.34419586492193
1.5089593281001014e-6;45.46517986954251
1.509163114530234e-6;45.389756722732166
1.5093667659871016e-6;45.656943723223016
1.5095702824902312e-6;45.60958186038734
1.5097736640591501e-6;45.68741322390673
1.5099769107133864e-6;45.50216119235408
1.5101800224724715e-6;45.64097677892975
1.5103829993559366e-6;45.78157666893844
1.5105858413833165e-6;45.84930227950731
1.5107885485741454e-6;45.85956782654268
1.5109911209479626e-6;45.837880166895786
1.5111935585243066e-6;45.75568840470095
1.5113958613227206e-6;45.921545422761966
1.5115980293627476e-6;45.932971458200115
1.5118000626639354e-6;45.9537495516825
1.5120019612458334e-6;45.9492266271699
1.5122037251279936e-6;45.91098013009508
1.5124053543299713e-6;45.77618163443966
1.5126068488713244e-6;45.925653381559016
1.5128082087716143e-6;45.94226757480914
1.5130094340504043e-6;45.925431429046114
1.5132105247272634e-6;45.89066718298308
1.5134114808217616e-6;45.8695843407952
1.5136123023534748e-6;45.84828568578974
1.5138129893419809e-6;45.917322389518354
1.514013541806861e-6;45.87216912605019
1.5142139597677028e-6;45.83164754791726
1.514414243244096e-6;45.681665095732605
1.5146143922556343e-6;45.809135767207266
1.5148144068219172e-6;45.76939964334893
1.5150142869625473e-6;45.71394349314386
1.5152140326971327e-6;45.67449861543085
1.5154136440452854e-6;45.68096072018599
1.5156131210266225e-6;45.57206339765532
1.5158124636607657e-6;45.566883688352334
1.5160116719673428e-6;45.46949623822047
1.5162107459659853e-6;45.561456438812904
1.5164096856763303e-6;45.46135321429914
1.5166084911180218e-6;45.40179260522274
1.516807162310707e-6;45.31108331329542
1.5170056992740404e-6;45.33632268794755
1.5172041020276814e-6;45.162973390957035
1.517402370591296e-6;45.17763146264198
1.5176005049845553e-6;45.12484275877902
1.517798505227137e-6;45.04756220497207
1.5179963713387255e-6;44.973581986304694
1.5181941033390106e-6;44.88733983939086
1.5183917012476894e-6;44.822874621630184
1.518589165084465e-6;44.842571197557646
1.5187864948690472e-6;44.744493797457835
1.5189836906211537e-6;44.73370169288795
1.5191807523605074e-6;44.617235692693924
1.51937768010684e-6;44.60612226534829
1.519574473879889e-6;44.65917953211935
1.5197711336994007e-6;44.572761860613255
1.5199676595851273e-6;44.48134096264779
1.5201640515568293e-6;44.47142520548028
1.5203603096342754e-6;44.46614823664267
1.5205564338372405e-6;44.4015312977356
1.5207524241855103e-6;44.40121603187804
1.5209482806988747e-6;44.3713196609433
1.5211440033971352e-6;44.31524584187451
1.5213395923000995e-6;44.36814394889434
1.521535047427585e-6;44.286692306521886
1.5217303687994168e-6;44.32247538268601
1.5219255564354285e-6;44.25583124780946
1.5221206103554633e-6;44.344092075875
1.5223155305793727e-6;44.289442900355745
1.5225103171270175e-6;44.257135092850675
1.5227049700182678e-6;44.28232013254335
1.5228994892730021e-6;44.31588895527995
1.523093874911109e-6;44.337218429328395
1.5232881269524869e-6;44.37544461797492
1.5234822454170426e-6;44.33561834647961
1.5236762303246943e-6;44.37465166122364
1.5238700816953689e-6;44.412865653413974
1.524063799549003e-6;44.41255120930429
1.5242573839055443e-6;44.43356878818244
1.5244508347849504e-6;44.459931817876466
1.5246441522071892e-6;44.45479656532881
1.5248373361922387e-6;44.48149571685946
1.525030386760088e-6;44.48891744151219
1.5252233039307367e-6;44.51878502333504
1.5254160877241952e-6;44.548143821333504
1.5256087381604852e-6;44.5668480366886
1.5258012552596385e-6;44.57139784659526
1.525993639041699e-6;44.54585729867542
1.5261858895267224e-6;44.55042914079076
1.5263780067347741e-6;44.56806178546688
1.5265699906859325e-6;44.60401652216558
1.5267618414002871e-6;44.60582150739671
1.5269535588979399e-6;44.52889951176493
1.5271451431990035e-6;44.53562944098507
1.5273365943236034e-6;44.520932490177316
1.5275279122918778e-6;44.542043750355155
1.527719097123976e-6;44.499718105668926
1.5279101488400604e-6;44.54417974995789
1.5281010674603054e-6;44.4695634779546
1.5282918530048993e-6;44.43482035730321
1.5284825054940407e-6;44.389377010955286
1.5286730249479445e-6;44.37623742997059
1.5288634113868357e-6;44.37433443797971
1.5290536648309535e-6;44.30171841456267
1.5292437853005506e-6;44.20516831228617
1.5294337728158929e-6;44.14287958434695
1.5296236273972601e-6;44.040807430999386
1.5298133490649435e-6;44.02622427748527
1.5300029378392516e-6;44.01779521353841
1.5301923937405042e-6;43.869802573277575
1.5303817167890355e-6;43.7737911315744
1.530570907005194e-6;43.679519677579776
1.5307599644093431e-6;43.63216987157409
1.5309488890218603e-6;43.53897005418162
1.5311376808631356e-6;43.38017993470888
1.5313263399535763e-6;43.230870162651456
1.5315148663136034e-6;43.12050351180238
1.531703259963652e-6;42.96160413537258
1.5318915209241727e-6;42.876673912741346
1.532079649215632e-6;42.66396349188593
1.5322676448585101e-6;42.53507618482686
1.5324555078733033e-6;42.35149536473244
1.5326432382805234e-6;42.22248116858932
1.5328308361006974e-6;42.07149453209543
1.533018301354368e-6;41.86306384269908
1.533205634062094e-6;41.71697207248836
1.53339283424445e-6;41.51339200296363
1.5335799019220263e-6;41.33347265586244
1.53376683711543e-6;41.17668940562442
1.533953639845284e-6;41.01437735138849
1.5341403101322265e-6;40.908573959815335
1.534326847996915e-6;40.72065991414746
1.5345132534600217e-6;40.54421524462536
1.5346995265422352e-6;40.38540686337457
1.5348856672642625e-6;40.32296344739473
1.5350716756468259e-6;40.21685352215705
1.5352575517106664e-6;40.169080439720744
1.5354432954765413e-6;40.044073641763305
1.5356289069652252e-6;40.00650953629595
1.5358143861975106e-6;40.01647191346038
1.5359997331942073e-6;40.117818305481066
1.5361849479761436e-6;40.136796972911924
1.5363700305641643e-6;40.20609853377705
1.5365549809791339e-6;40.234993815480124
1.5367397992419324e-6;40.44186850767364
1.5369244853734609e-6;40.51885378889872
1.5371090393946375e-6;40.745604678028954
1.537293461326398e-6;40.886675525424046
1.5374777511896983e-6;41.063269118219665
1.5376619090055115e-6;41.2404751911003
1.5378459347948306e-6;41.486026548060934
1.5380298285786676e-6;41.63668153782669
1.5382135903780525e-6;41.94791757721924
1.5383972202140353e-6;42.08602574462532
1.5385807181076851e-6;42.2857999420492
1.538764084080091e-6;42.54499738917382
1.5389473181523602e-6;42.727464112011894
1.5391304203456208e-6;42.905020614535175
1.5393133906810199e-6;43.1722734917642
1.5394962291797256e-6;43.286038290803354
1.5396789358629254e-6;43.54089222152247
1.539861510751826e-6;43.67858889362906
1.5400439538676556e-6;43.81818771625734
1.5402262652316624e-6;43.99742926242862
1.5404084448651159e-6;44.17704140459928
1.5405904927893044e-6;44.3288915534841
1.540772409025538e-6;44.45775396743086
1.5409541935951488e-6;44.640720425781794
1.5411358465194874e-6;44.75816413031318
1.5413173678199276e-6;44.876473475176184
1.5414987575178635e-6;44.986550952451196
1.5416800156347108e-6;45.23030721754672
1.5418611421919068e-6;45.3046864688893
1.54204213721091e-6;45.503017487370826
1.5422230007132003e-6;45.47577813405802
1.5424037327202815e-6;45.62376145823539
1.5425843332536763e-6;45.77893738303586
1.5427648023349315e-6;45.87070834950251
1.5429451399856158e-6;45.948674728626884
1.5431253462273196e-6;45.95077157007697
1.543305421081657e-6;45.99129496065089
1.5434853645702626e-6;46.01929683436231
1.5436651767147959e-6;46.084297507292646
1.5438448575369381e-6;46.146863422820125
1.544024407058393e-6;46.15086914904705
1.544203825300888e-6;46.1294271588699
1.5443831122861734e-6;46.13418945034573
1.5445622680360232e-6;46.167485032003
1.544741292572235e-6;46.177026167343044
1.5449201859166286e-6;46.1865463874404
1.5450989480910493e-6;46.14623060185308
1.5452775791173635e-6;46.09391619991711
1.545456079017465e-6;46.067359657984184
1.545634447813269e-6;46.06413613503519
1.545812685526716e-6;46.031227115073364
1.5459907921797698e-6;45.957056026935376
1.5461687677944193e-6;45.87093311633927
1.5463466123926777e-6;45.81209852354842
1.5465243259965836e-6;45.76583197552172
1.546701908628199e-6;45.730225339455394
1.5468793603096113e-6;45.60552202880174
1.5470566810629336e-6;45.480329907247274
1.547233870910302e-6;45.272560147555595
1.5474109298738813e-6;45.17354274350649
1.5475878579758583e-6;45.12043686267806
1.5477646552384468e-6;44.96874320411263
1.5479413216838863e-6;44.82444791918265
1.5481178573344411e-6;44.73136473456477
1.5482942622124024e-6;44.47049444147779
1.5484705363400864e-6;44.335938410214666
1.5486466797398364e-6;44.20912453648964
1.5488226924340212e-6;44.07509872963984
1.5489985744450356e-6;43.88065660469642
1.549174325795302e-6;43.666470513908536
1.5493499465072675e-6;43.49238662688127
1.5495254366034086e-6;43.32135358019922
1.5497007961062248e-6;43.22033128631803
1.5498760250382466e-6;42.94179541292486
1.5500511234220287e-6;42.71376871894074
1.5502260912801543e-6;42.42640797817615
1.550400928635233e-6;42.19977256744623
1.5505756355099025e-6;41.96866747249239
1.5507502119268287e-6;41.784013415337554
1.5509246579087025e-6;41.46438135285774
1.5510989734782452e-6;41.22707254318348
1.5512731586582055e-6;40.86893471309455
1.5514472134713585e-6;40.69112851387121
1.55162113794051e-6;40.513454993365386
1.5517949320884916e-6;40.29708362514895
1.551968595938165e-6;39.98999972218321
1.552142129512419e-6;39.74327435423617
1.5523155328341726e-6;39.51531790542348
1.5524888059263717e-6;39.37668314399005
1.552661948811992e-6;39.139727115509714
1.5528349615140398e-6;39.002032130168935
1.5530078440555468e-6;38.795546009389746
1.5531805964595773e-6;38.696423446515944
1.5533532187492226e-6;38.5582190540603
1.5535257109476055e-6;38.56910060300786
1.5536980730778766e-6;38.52662944344569
1.5538703051632173e-6;38.5076872692888
1.554042407226838e-6;38.48989206251167
1.55421437929198e-6;38.53333105002336
1.5543862213819142e-6;38.57091154673513
1.5545579335199415e-6;38.74133778827972
1.5547295157293927e-6;38.85474302829157
1.5549009680336306e-6;38.980117387975014
1.5550722904560464e-6;39.09716453234345
1.5552434830200637e-6;39.33639112524925
1.555414545749136e-6;39.52598734529773
1.5555854786667486e-6;39.74189191118167
1.5557562817964163e-6;39.86278955905991
1.5559269551616864e-6;40.08855563996213
1.5560974987861375e-6;40.20816887028907
1.5562679126933777e-6;40.47780924741197
1.556438196907049e-6;40.66698550422995
1.5566083514508244e-6;40.899051114393984
1.5567783763484073e-6;41.04828403653656
1.5569482716235346e-6;41.229363730163044
1.5571180372999746e-6;41.3795512353236
1.5572876734015277e-6;41.632210267155784
1.5574571799520258e-6;41.81872159010333
1.5576265569753346e-6;41.998374222081566
1.5577958044953514e-6;42.07742052606945
1.5579649225360064e-6;42.201604095245955
1.5581339111212615e-6;42.342641243787895
1.558302770275114e-6;42.591397584210185
1.558471500021591e-6;42.718416065364984
1.558640100384755e-6;42.888526141997474
1.5588085713887e-6;42.928317945086256
1.5589769130575549e-6;43.00530269612207
1.5591451254154812e-6;43.09289410655256
1.5593132084866743e-6;43.21184027302314
1.5594811622953628e-6;43.375191598469755
1.5596489868658094e-6;43.453737305590884
1.559816682222311e-6;43.4756417841495
1.5599842483891978e-6;43.497630439879494
1.560151685390835e-6;43.571531758239594
1.5603189932516225e-6;43.67821652418537
1.5604861719959922e-6;43.75773316604984
1.5606532216484136e-6;43.867129388585965
1.5608201422333889e-6;43.808621953412015
1.5609869337754558e-6;43.81006719296579
1.5611535962991862e-6;43.81042842771909
1.5613201298291886e-6;43.875499873902335
1.5614865343901047e-6;43.91340965088904
1.5616528100066131e-6;43.967571182199606
1.5618189567034259e-6;43.927672786556414
1.561984974505293e-6;43.89980729882018
1.5621508634369983e-6;43.871227599275855
1.5623166235233619e-6;43.83132879991075
1.5624822547892395e-6;43.867129388585965
1.5626477572595237e-6;43.9084682689535
1.562813130959142e-6;43.89236983798516
1.5629783759130595e-6;43.834383352566554
1.5631434921462755e-6;43.70235437283177
1.5633084796838284e-6;43.63630780112138
1.563473338550791e-6;43.63198169015764
1.5636380687722742e-6;43.67560904372852
1.5638026703734252e-6;43.64006613705671
1.5639671433794279e-6;43.532428314337295
1.5641314878155046e-6;43.381774992965354
1.564295703706912e-6;43.283592135478024
1.5644597910789477e-6;43.22694690306876
1.5646237499569438e-6;43.167249841905
1.5647875803662717e-6;43.117962291824064
1.564951282332339e-6;42.9795737581011
1.5651148558805929e-6;42.78913574715962
1.5652783010365177e-6;42.65383924956175
1.5654416178256345e-6;42.4789965088881
1.565604806273505e-6;42.34745000628052
1.5657678664057269e-6;42.21544637027195
1.565930798247938e-6;42.09193195719529
1.5660936018258132e-6;41.94097885578952
1.5662562771650673e-6;41.72135696649566
1.5664188242914533e-6;41.42733511313519
1.5665812432307625e-6;41.25188384168597
1.5667435340088268e-6;41.03530063428374
1.5669056966515154e-6;40.899051114393984
1.567067731184738e-6;40.70813359702716
1.5672296376344438e-6;40.51191124685698
1.5673914160266201e-6;40.099605314705975
1.5675530663872946e-6;39.87800285751872
1.5677145887425362e-6;39.52308009662125
1.5678759831184509e-6;39.27421695050419
1.5680372495411858e-6;38.99327949877654
1.5681983880369302e-6;38.716313045375536
1.5683593986319099e-6;38.39729375206388
1.5685202813523937e-6;37.98097932062486
1.5686810362246905e-6;37.49890841271422
1.5688416632751484e-6;37.100326990657535
1.569002162530158e-6;36.848453616444125
1.5691625340161495e-6;36.41176546613114
1.5693227777595943e-6;35.82744965691277
1.5694828937870055e-6;35.548524343720544
1.5696428821249366e-6;34.868553552769434
1.5698027427999824e-6;34.51018452155458
1.5699624758387796e-6;34.07560849486363
1.5701220812680067e-6;33.3645973384853
1.5702815591143833e-6;32.595938788859485
1.5704409094046705e-6;32.56477206241677
1.5706001321656721e-6;31.9089171692217
1.5707592274242336e-6;31.00370545117563
1.5709181952072424e-6;30.569048513364727
1.5710770355416285e-6;30.03891166236911
1.5712357484543643e-6;29.99130541287371
1.5713943339724647e-6;30.090257420869104
1.5715527921229866e-6;30.10723865391773
1.5717111229330316e-6;30.086001717619176
1.5718693264297412e-6;30.224283711854866
1.5720274026403025e-6;29.995654882259824
1.5721853515919444e-6;30.132586652835165
1.5723431733119393e-6;31.119342763326813
1.572500867827603e-6;31.051694279993317
1.5726584351662955e-6;31.87238619831479
1.5728158753554185e-6;32.474822606770545
1.57297318842242e-6;33.10905629376141
1.5731303743947892e-6;33.65113431627577
1.5732874333000617e-6;34.12124406173317
1.5734443651658151e-6;34.69969209499959
1.573601170019673e-6;35.242662687669785
1.5737578478893024e-6;35.56664262122568
1.573914398802414e-6;36.00537294364469
1.574070822786765e-6;36.572471298837165
1.5742271198701552e-6;37.10286647702891
1.574383290080431e-6;37.50431248660202
1.5745393334454828e-6;37.93441132977664
1.5746952499932465e-6;38.335295817586434
1.5748510397517025e-6;38.66759783495108
1.5750067027488768e-6;38.97462138013063
1.5751622390128407e-6;39.370161074648145
1.575317648571712e-6;39.633155113861115
1.5754729314536534e-6;40.05395031886706
1.575628087686873e-6;40.31004281363537
1.5757831172996249e-6;40.69260986284746
1.5759380203202105e-6;40.97743058944878
1.5760927967769759e-6;41.23949591081828
1.5762474466983137e-6;41.39154658406905
1.5764019701126632e-6;41.63370120225884
1.5765563670485107e-6;41.83383742052695
1.5767106375343878e-6;42.027334580454436
1.5768647815988745e-6;42.2683181065872
1.5770187992705961e-6;42.466462748907134
1.5771726905782257e-6;42.713536221024846
1.577326455550484e-6;42.962921509948615
1.5774800942161371e-6;43.05243857506007
1.5776336066040009e-6;43.262539108422914
1.577786992742937e-6;43.37559087628736
1.5779402526618553e-6;43.47544669645012
1.5780933863897136e-6;43.584678638769205
1.5782463939555163e-6;43.71455781913017
1.5783992753883176e-6;43.889533165892786
1.5785520307172189e-6;44.087994375225264
1.5787046599713692e-6;44.23442491075262
1.5788571631799665e-6;44.36814394889434
1.5790095403722567e-6;44.416794285038094
1.5791617915775361e-6;44.42479769064448
1.5793139168251472e-6;44.494629710454106
1.5794659161444825e-6;44.580331924965066
1.5796177895649836e-6;44.74361976032631
1.5797695371161405e-6;44.837156409037995
1.5799211588274927e-6;44.94766629133628
1.5800726547286296e-6;45.06505032404873
1.5802240248491893e-6;45.125243073235765
1.5803752692188588e-6;45.17815875902376
1.5805263878673762e-6;45.18527100117336
1.5806773808245288e-6;45.180530800797214
1.5808282481201533e-6;45.209418219780616
1.580978989784137e-6;45.195129832576264
1.5811296058464166e-6;45.26158283646069
1.5812800963369813e-6;45.42015814870588
1.581430461285867e-6;45.48303410709743
1.5815807007231627e-6;45.58192389239849
1.5817308146790074e-6;45.563628152569194
1.5818808031835918e-6;45.56989589894836
1.5820306662671552e-6;45.508273884528386
1.5821804039599893e-6;45.410172928456575
1.5823300162924382e-6;45.51486594280516
1.582479503294894e-6;45.47946912678907
1.582628864997803e-6;45.534217988452255
1.5827781014316613e-6;45.5620598015751
1.582927212627018e-6;45.54319527918783
1.5830761986144724e-6;45.519498807854106
1.5832250594246772e-6;45.56591933954876
1.5833737950883352e-6;45.474300858182666
1.5835224056362027e-6;45.359014542266834
1.5836708910990882e-6;45.36987475130602
1.5838192515078513e-6;45.34241929794221
1.5839674868934057e-6;45.35370083279165
1.584115597286716e-6;45.38586300016313
1.5842635827188003e-6;45.37529468865873
1.5844114432207304e-6;45.27397871520467
1.5845591788236288e-6;45.24759505028858
1.5847067895586727e-6;45.132176000679394
1.5848542754570925e-6;44.99095709829723
1.5850016365501713e-6;44.95280628260573
1.5851488728692454e-6;44.88226284535642
1.585295984445705e-6;44.87053488781427
1.585442971310995e-6;44.91417728216894
1.5855898334966112e-6;44.77222578278151
1.5857365710341065e-6;44.73413973260983
1.5858831839550856e-6;44.6738609255235
1.5860296722912082e-6;44.516482987050054
1.5861760360741883e-6;44.41805069695703
1.5863222753357948e-6;44.33689845991698
1.5864683901078492e-6;44.30075055551939
1.5866143804222295e-6;44.294131072924834
1.5867602463108672e-6;44.217355113222546
1.58690598780575e-6;44.126956916035
1.5870516049389195e-6;44.04114997505595
1.5871970977424722e-6;43.864454557472826
1.587342466248561e-6;43.730959870787274
1.5874877104893933e-6;43.68268285168433
1.5876328304972316e-6;43.547996852632906
1.5877778263043947e-6;43.38715399363528
1.587922697943257e-6;43.28277644409767
1.588067445446249e-6;43.16075234838397
1.5882120688458554e-6;43.06875173644637
1.5883565681746198e-6;42.89588952542597
1.58850094346514e-6;42.76139985350142
1.58864519475007e-6;42.65242468633801
1.5887893220621213e-6;42.48022336412354
1.5889333254340616e-6;42.29169702539102
1.5890772048987151e-6;42.158753954612756
1.5892209604889622e-6;42.09085869762748
1.5893645922377419e-6;41.99316274253104
1.5895081001780482e-6;41.86447760774917
1.5896514843429333e-6;41.709361086090794
1.5897947447655069e-6;41.5642799231805
1.5899378814789358e-6;41.3494171073536
1.5900808945164438e-6;41.248953049884925
1.5902237839113137e-6;41.052376007460225
1.5903665496968847e-6;40.945060664544556
1.5905091919065538e-6;40.79976723632598
1.5906517105737772e-6;40.71292733834574
1.5907941057320692e-6;40.56065929431753
1.590936377415e-6;40.5045709478573
1.5910785256562011e-6;40.324978828571105
1.5912205504893615e-6;40.16406500871118
1.5913624519482273e-6;40.01041057986094
1.5915042300666058e-6;39.90338854787601
1.591645884878361e-6;39.759370424831104
1.5917874164174179e-6;39.71183040856162
1.5919288247177585e-6;39.6543689977626
1.592070109813425e-6;39.52308009662125
1.5922112717385194e-6;39.390197764486665
1.5923523105272028e-6;39.30999941956152
1.5924932262136948e-6;39.16769684283136
1.5926340188322765e-6;39.14237347767741
1.592774688417288e-6;39.014583213961124
1.5929152350031286e-6;39.00476371389257
1.5930556586242585e-6;38.97627091290441
1.5931959593151982e-6;38.90756251918218
1.5933361371105282e-6;38.85982811354973
1.5934761920448893e-6;38.859263398014306
1.593616124152983e-6;38.799555851227495
1.5937559334695705e-6;38.82353746388714
1.5938956200294762e-6;38.797837800904155
1.5940351838675832e-6;38.691730273216834
1.594174625018836e-6;38.71748018991872
1.5943139435182414e-6;38.730879855902856
1.5944531394008652e-6;38.789811233937364
1.5945922127018378e-6;38.859263398014306
1.5947311634563481e-6;38.85813374660489
1.5948699916996476e-6;38.86039275566442
1.5950086974670507e-6;38.864907251724816
1.5951472807939316e-6;39.00148560719344
1.5952857417157293e-6;39.04931827395653
1.5954240802679423e-6;39.13760886412323
1.595562296486132e-6;38.99218417851373
1.5957003904059225e-6;39.39069749923424
