1.508551350241944e-6;45.48155929773814
1.5087554066771794e-6;45.34140379042428
1.5089593281001014e-6;45.46851001781394
1.509163114530234e-6;45.39025888435833
1.5093667659871016e-6;45.67026366159061
1.5095702824902312e-6;45.62590224606335
1.5097736640591501e-6;45.71102958633776
1.5099769107133864e-6;45.51425598721097
1.5101800224724715e-6;45.67814207502751
1.5103829993559366e-6;45.82688206299978
1.5105858413833165e-6;45.88775756204104
1.5107885485741454e-6;45.896257134868236
1.5109911209479626e-6;45.868572484172546
1.5111935585243066e-6;45.82177037688409
1.5113958613227206e-6;45.96805946543712
1.5115980293627476e-6;45.98735806280405
1.5118000626639354e-6;46.00896696988087
1.5120019612458334e-6;46.017015505032134
1.5122037251279936e-6;45.98287002254074
1.5124053543299713e-6;45.85562241029359
1.5126068488713244e-6;45.97025681164456
1.5128082087716143e-6;46.020708485542954
1.5130094340504043e-6;46.009511259941746
1.5132105247272634e-6;45.977938780022704
1.5134114808217616e-6;45.951654147902296
1.5136123023534748e-6;45.94734988590292
1.5138129893419809e-6;45.990420402827
1.514013541806861e-6;45.96465138017129
1.5142139597677028e-6;45.90752693877779
1.514414243244096e-6;45.779740813769635
1.5146143922556343e-6;45.88630202023933
1.5148144068219172e-6;45.868347595126124
1.5150142869625473e-6;45.81335138918986
1.5152140326971327e-6;45.77376891917014
1.5154136440452854e-6;45.76974474604044
1.5156131210266225e-6;45.67249929072087
1.5158124636607657e-6;45.65753396565981
1.5160116719673428e-6;45.56302500767287
1.5162107459659853e-6;45.6425168933163
1.5164096856763303e-6;45.552516855222265
1.5166084911180218e-6;45.48647338252487
1.516807162310707e-6;45.39427408845252
1.5170056992740404e-6;45.398786760263185
1.5172041020276814e-6;45.22457275186834
1.517402370591296e-6;45.23564389045695
1.5176005049845553e-6;45.183033217933016
1.517798505227137e-6;45.09027693701782
1.5179963713387255e-6;45.012099376320755
1.5181941033390106e-6;44.915017662373266
1.5183917012476894e-6;44.82644947392942
1.518589165084465e-6;44.84271360086347
1.5187864948690472e-6;44.73267942835296
1.5189836906211537e-6;44.71291711058939
1.5191807523605074e-6;44.610030224541
1.51937768010684e-6;44.57412544636192
1.519574473879889e-6;44.617235692693924
1.5197711336994007e-6;44.50803173223646
1.5199676595851273e-6;44.419306745501714
1.5201640515568293e-6;44.40720217316904
1.5203603096342754e-6;44.38526527205319
1.5205564338372405e-6;44.31395932929188
1.5207524241855103e-6;44.30526538680641
1.5209482806988747e-6;44.264136561316874
1.5211440033971352e-6;44.19856658597271
1.5213395923000995e-6;44.239827296771765
1.521535047427585e-6;44.16340890574481
1.5217303687994168e-6;44.18384164038613
1.5219255564354285e-6;44.11063857460923
1.5221206103554633e-6;44.17853505168477
1.5223155305793727e-6;44.14421777942561
1.5225103171270175e-6;44.093581899301654
1.5227049700182678e-6;44.11703863405971
1.5228994892730021e-6;44.13601485528961
1.523093874911109e-6;44.165406580489794
1.5232881269524869e-6;44.1806916354166
1.5234822454170426e-6;44.16457432768097
1.5236762303246943e-6;44.171726495177744
1.5238700816953689e-6;44.23180315104786
1.524063799549003e-6;44.23262262098614
1.5242573839055443e-6;44.252080511386566
1.5244508347849504e-6;44.26917713880815
1.5246441522071892e-6;44.25974160919375
1.5248373361922387e-6;44.29703842972572
1.525030386760088e-6;44.31122422401232
1.5252233039307367e-6;44.33657846692988
1.5254160877241952e-6;44.38368279687935
1.5256087381604852e-6;44.39522162813957
1.5258012552596385e-6;44.414908985372826
1.525993639041699e-6;44.38399933804706
1.5261858895267224e-6;44.4021617608011
1.5263780067347741e-6;44.415380387021614
1.5265699906859325e-6;44.46241945325413
1.5267618414002871e-6;44.45635334378726
1.5269535588979399e-6;44.389851191963416
1.5271451431990035e-6;44.41050676746221
1.5273365943236034e-6;44.3930110762843
1.5275279122918778e-6;44.43028170214855
1.527719097123976e-6;44.39743105539993
1.5279101488400604e-6;44.43747874470907
1.5281010674603054e-6;44.38178306521823
1.5282918530048993e-6;44.34792380451327
1.5284825054940407e-6;44.31283331807261
1.5286730249479445e-6;44.30397591386967
1.5288634113868357e-6;44.306715586369876
1.5290536648309535e-6;44.250775147740114
1.5292437853005506e-6;44.147394341134856
1.5294337728158929e-6;44.109121388630825
1.5296236273972601e-6;44.00848705279212
1.5298133490649435e-6;43.99985056102451
1.5300029378392516e-6;44.00658849764974
1.5301923937405042e-6;43.869980727100554
1.5303817167890355e-6;43.77360898781112
1.530570907005194e-6;43.70050237074868
1.5307599644093431e-6;43.634991614782344
1.5309488890218603e-6;43.561215062369854
1.5311376808631356e-6;43.433101031623416
1.5313263399535763e-6;43.28909404871189
1.5315148663136034e-6;43.19730494330224
1.531703259963652e-6;43.056952289118584
1.5318915209241727e-6;42.97826142585328
1.532079649215632e-6;42.78387725209282
1.5322676448585101e-6;42.646289582612226
1.5324555078733033e-6;42.4809593109413
1.5326432382805234e-6;42.38246886526687
1.5328308361006974e-6;42.221179287582224
1.533018301354368e-6;42.0286958771521
1.533205634062094e-6;41.905277868873526
1.53339283424445e-6;41.742633809951215
1.5335799019220263e-6;41.54758619154177
1.53376683711543e-6;41.40727962844183
1.533953639845284e-6;41.25936466966094
1.5341403101322265e-6;41.147777319715615
1.534326847996915e-6;40.97812407365289
1.5345132534600217e-6;40.83144143143052
1.5346995265422352e-6;40.650939893571525
1.5348856672642625e-6;40.60433406702741
1.5350716756468259e-6;40.49838000622583
1.5352575517106664e-6;40.44069150468914
1.5354432954765413e-6;40.32739605209493
1.5356289069652252e-6;40.28123715128841
1.5358143861975106e-6;40.28530586511329
1.5359997331942073e-6;40.35109402944576
1.5361849479761436e-6;40.359497795366735
1.5363700305641643e-6;40.3981055414835
1.5365549809791339e-6;40.41590046889367
1.5367397992419324e-6;40.610753236297924
1.5369244853734609e-6;40.67145278885395
1.5371090393946375e-6;40.89127629044278
1.537293461326398e-6;40.97673699449098
1.5374777511896983e-6;41.101855274111614
1.5376619090055115e-6;41.25318578123527
1.5378459347948306e-6;41.480779767625066
1.5380298285786676e-6;41.647096635398796
1.5382135903780525e-6;41.93235941639753
1.5383972202140353e-6;42.08468230265617
1.5385807181076851e-6;42.27243781503063
1.538764084080091e-6;42.48659743048336
1.5389473181523602e-6;42.67711326726692
1.5391304203456208e-6;42.84475853005321
1.5393133906810199e-6;43.094385246419236
1.5394962291797256e-6;43.20000804264728
1.5396789358629254e-6;43.446083845805674
1.539861510751826e-6;43.58106245206416
1.5400439538676556e-6;43.71751107340287
1.5402262652316624e-6;43.87994569541032
1.5404084448651159e-6;44.05517106976376
1.5405904927893044e-6;44.18384164038613
1.540772409025538e-6;44.31154609052244
1.5409541935951488e-6;44.496789151735506
1.5411358465194874e-6;44.616185639540156
1.5413173678199276e-6;44.72697954538768
1.5414987575178635e-6;44.82716409141232
1.5416800156347108e-6;45.059228772069005
1.5418611421919068e-6;45.12631039809221
1.54204213721091e-6;45.33301678061803
1.5422230007132003e-6;45.29507350109037
1.5424037327202815e-6;45.43894291804688
1.5425843332536763e-6;45.596313650110865
1.5427648023349315e-6;45.69502657087413
1.5429451399856158e-6;45.76847923541521
1.5431253462273196e-6;45.77491799837225
1.543305421081657e-6;45.84873753459825
1.5434853645702626e-6;45.87778292277694
1.5436651767147959e-6;45.95021986784182
1.5438448575369381e-6;45.98888950273394
1.544024407058393e-6;45.98462200474151
1.544203825300888e-6;45.9645413973965
1.5443831122861734e-6;45.98593552773338
1.5445622680360232e-6;46.0017759406901
1.544741292572235e-6;46.047119317276206
1.5449201859166286e-6;46.024398328431886
1.5450989480910493e-6;45.98713924158069
1.5452775791173635e-6;45.92942483980194
1.545456079017465e-6;45.92887041895441
1.545634447813269e-6;45.90362487152262
1.545812685526716e-6;45.85697552825414
1.5459907921797698e-6;45.797378790019565
1.5461687677944193e-6;45.67496891104223
1.5463466123926777e-6;45.63433618922764
1.5465243259965836e-6;45.57302638328947
1.546701908628199e-6;45.55094448578319
1.5468793603096113e-6;45.395653457947695
1.5470566810629336e-6;45.28080714491313
1.547233870910302e-6;45.0719448543218
1.5474109298738813e-6;44.97758718287268
1.5475878579758583e-6;44.905904870288325
1.5477646552384468e-6;44.771791567905304
1.5479413216838863e-6;44.628021529253274
1.5481178573344411e-6;44.52476461326989
1.5482942622124024e-6;44.287501485563006
1.5484705363400864e-6;44.147561464249534
1.5486466797398364e-6;44.03943698453202
1.5488226924340212e-6;43.893787479525095
1.5489985744450356e-6;43.704205585485134
1.549174325795302e-6;43.485190362071464
1.5493499465072675e-6;43.29641910730211
1.5495254366034086e-6;43.114783674380675
1.5497007961062248e-6;43.02114376956201
1.5498760250382466e-6;42.73441134312813
1.5500511234220287e-6;42.50883327833968
1.5502260912801543e-6;42.21440320811741
1.550400928635233e-6;41.977766112713866
1.5505756355099025e-6;41.74147065097031
1.5507502119268287e-6;41.55882358081815
1.5509246579087025e-6;41.236883416675866
1.5510989734782452e-6;40.98436045340363
1.5512731586582055e-6;40.634834780275284
1.5514472134713585e-6;40.428510425507895
1.55162113794051e-6;40.268599859845615
1.5517949320884916e-6;40.031157170998064
1.551968595938165e-6;39.716468820643065
1.552142129512419e-6;39.45567053442388
1.5523155328341726e-6;39.24124153185825
1.5524888059263717e-6;39.04877766963405
1.552661948811992e-6;38.85587356189656
1.5528349615140398e-6;38.70579460552685
1.5530078440555468e-6;38.46275242412213
1.5531805964595773e-6;38.36513998890672
1.5533532187492226e-6;38.237349883987314
1.5535257109476055e-6;38.223642524415496
1.5536980730778766e-6;38.15046176064631
1.5538703051632173e-6;38.140477209955996
1.554042407226838e-6;38.13247300897605
1.55421437929198e-6;38.161086707399036
1.5543862213819142e-6;38.25361195952633
1.5545579335199415e-6;38.432327780980096
1.5547295157293927e-6;38.52662944344569
1.5549009680336306e-6;38.62846659982939
1.5550722904560464e-6;38.74713688757779
1.5552434830200637e-6;38.99984562549391
1.555414545749136e-6;39.197577805018945
1.5555854786667486e-6;39.41908774365599
1.5557562817964163e-6;39.56264502698276
1.5559269551616864e-6;39.78500069311459
1.5560974987861375e-6;39.92420956052024
1.5562679126933777e-6;40.15778756389041
1.556438196907049e-6;40.36668810300097
1.5566083514508244e-6;40.629202637326635
1.5567783763484073e-6;40.7598468474412
1.5569482716235346e-6;40.96979494566784
1.5571180372999746e-6;41.119007128656136
1.5572876734015277e-6;41.365937473330774
1.5574571799520258e-6;41.570939489970804
1.5576265569753346e-6;41.76120211056086
1.5577958044953514e-6;41.85712099870006
1.5579649225360064e-6;41.97501096143259
1.5581339111212615e-6;42.12693542421026
1.558302770275114e-6;42.37015628745162
1.558471500021591e-6;42.50346800440827
1.558640100384755e-6;42.681565767403946
1.5588085713887e-6;42.72189831450441
1.5589769130575549e-6;42.79347492410732
1.5591451254154812e-6;42.90101420759143
1.5593132084866743e-6;43.01702630953145
1.5594811622953628e-6;43.19293484105279
1.5596489868658094e-6;43.28563069391717
1.559816682222311e-6;43.29580915741899
1.5599842483891978e-6;43.33809874855226
1.560151685390835e-6;43.40880173413645
1.5603189932516225e-6;43.53377594888645
1.5604861719959922e-6;43.611799018136004
1.5606532216484136e-6;43.73867870327068
1.5608201422333889e-6;43.68082244006445
1.5609869337754558e-6;43.67001630838441
1.5611535962991862e-6;43.69011653884145
1.5613201298291886e-6;43.750963750953964
1.5614865343901047e-6;43.79287383990714
1.5616528100066131e-6;43.84729651619834
1.5618189567034259e-6;43.81295623003826
1.561984974505293e-6;43.7834338357477
1.5621508634369983e-6;43.76887056664049
1.5623166235233619e-6;43.730408000296784
1.5624822547892395e-6;43.77051137447527
1.5626477572595237e-6;43.80392160057028
1.562813130959142e-6;43.792511141993195
1.5629783759130595e-6;43.74528394381243
1.5631434921462755e-6;43.61160995195026
1.5633084796838284e-6;43.54703744625813
1.563473338550791e-6;43.551065529544914
1.5636380687722742e-6;43.590762260592626
1.5638026703734252e-6;43.57763381123948
1.5639671433794279e-6;43.464898925670845
1.5641314878155046e-6;43.3146778829103
1.564295703706912e-6;43.223226858740105
1.5644597910789477e-6;43.13740708405768
1.5646237499569438e-6;43.09672743229267
1.5647875803662717e-6;43.03044784243365
1.564951282332339e-6;42.90946784734306
1.5651148558805929e-6;42.73718712686196
1.5652783010365177e-6;42.59091928632215
1.5654416178256345e-6;42.43633244506138
1.565604806273505e-6;42.31010586179495
1.5657678664057269e-6;42.18719266900493
1.565930798247938e-6;42.07795885204709
1.5660936018258132e-6;41.88253327026504
1.5662562771650673e-6;41.71023995785723
1.5664188242914533e-6;41.41763230275788
1.5665812432307625e-6;41.24960450789545
1.5667435340088268e-6;41.022621494942726
1.5669056966515154e-6;40.88702960351475
1.567067731184738e-6;40.70850253427573
1.5672296376344438e-6;40.49721822152435
1.5673914160266201e-6;40.14436527831673
1.5675530663872946e-6;39.88558956878616
1.5677145887425362e-6;39.54194251815863
1.5678759831184509e-6;39.303886182443215
1.5680372495411858e-6;39.03686731736502
1.5681983880369302e-6;38.81669907672062
1.5683593986319099e-6;38.424844244115704
1.5685202813523937e-6;38.07670301230483
1.5686810362246905e-6;37.61927838420529
1.5688416632751484e-6;37.25911632295048
1.569002162530158e-6;36.878855248487056
1.5691625340161495e-6;36.45815118296642
1.5693227777595943e-6;35.98462200474151
1.5694828937870055e-6;35.56905269055448
1.5696428821249366e-6;35.224442335063195
1.5698027427999824e-6;34.626974081017174
1.5699624758387796e-6;34.11282913017384
1.5701220812680067e-6;33.62293937964231
1.5702815591143833e-6;33.085644135612384
1.5704409094046705e-6;32.56477206241677
1.5706001321656721e-6;31.88084373714938
1.5707592274242336e-6;31.075491297446863
1.5709181952072424e-6;31.099158630237934
1.5710770355416285e-6;30.0774777800074
1.5712357484543643e-6;30.086001717619176
1.5713943339724647e-6;30.170333392987803
1.5715527921229866e-6;30.111473607757976
1.5717111229330316e-6;29.42008053022313
1.5718693264297412e-6;30.111473607757976
1.5720274026403025e-6;30.047511555910013
1.5721853515919444e-6;30.111473607757976
1.5723431733119393e-6;30.11993114659257
1.572500867827603e-6;31.112625136590655
1.5726584351662955e-6;31.3640344813399
1.5728158753554185e-6;31.815577738627866
1.57297318842242e-6;32.52610340567373
1.5731303743947892e-6;33.170181010481116
1.5732874333000617e-6;33.736474722092176
1.5734443651658151e-6;34.41695135640717
1.573601170019673e-6;34.87845120111436
1.5737578478893024e-6;35.2608069180203
1.573914398802414e-6;35.669086552268034
1.574070822786765e-6;36.23662707356205
1.5742271198701552e-6;36.80969718465897
1.574383290080431e-6;37.239479764316435
1.5745393334454828e-6;37.66710207262259
1.5746952499932465e-6;38.046164169872554
1.5748510397517025e-6;38.38534270511869
1.5750067027488768e-6;38.72505899345925
1.5751622390128407e-6;39.09716453234345
1.575317648571712e-6;39.39319531078238
1.5754729314536534e-6;39.813655090785446
1.575628087686873e-6;40.08770449937752
1.5757831172996249e-6;40.46300019652969
1.5759380203202105e-6;40.7598468474412
1.5760927967769759e-6;41.04657791008797
1.5762474466983137e-6;41.19288889124608
1.5764019701126632e-6;41.43108522762512
1.5765563670485107e-6;41.63906433457751
1.5767106375343878e-6;41.8446428934699
1.5768647815988745e-6;42.096758345710946
1.5770187992705961e-6;42.29477058873164
1.5771726905782257e-6;42.5515185098893
1.577326455550484e-6;42.797809769969646
1.5774800942161371e-6;42.88361027472952
1.5776336066040009e-6;43.10183327571689
1.577786992742937e-6;43.23355245756284
1.5779402526618553e-6;43.34011188761349
1.5780933863897136e-6;43.447458537251876
1.5782463939555163e-6;43.58810172458563
1.5783992753883176e-6;43.76467457249595
1.5785520307172189e-6;43.97435934653543
1.5787046599713692e-6;44.11181824182253
1.5788571631799665e-6;44.24669335565875
1.5790095403722567e-6;44.29978248073312
1.5791617915775361e-6;44.31588895527995
1.5793139168251472e-6;44.38589810070448
1.5794659161444825e-6;44.478089849718145
1.5796177895649836e-6;44.63788506955836
1.5797695371161405e-6;44.73997604434864
1.5799211588274927e-6;44.84783701256938
1.5800726547286296e-6;44.955582125478685
1.5802240248491893e-6;45.02795704130007
1.5803752692188588e-6;45.08852794665489
1.5805263878673762e-6;45.096594339796695
1.5806773808245288e-6;45.096594339796695
1.5808282481201533e-6;45.129110878474194
1.580978989784137e-6;45.119234478501454
1.5811296058464166e-6;45.187113016090294
1.5812800963369813e-6;45.34723971855402
1.581430461285867e-6;45.41928535787471
1.5815807007231627e-6;45.52960080694349
1.5817308146790074e-6;45.51425598721097
1.5818808031835918e-6;45.52193517425781
1.5820306662671552e-6;45.457893980055616
1.5821804039599893e-6;45.35825583884623
1.5823300162924382e-6;45.473685178228834
1.582479503294894e-6;45.43409899985372
1.582628864997803e-6;45.49775472052697
1.5827781014316613e-6;45.524370174640644
1.582927212627018e-6;45.506563197784466
1.5830761986144724e-6;45.4831569852736
1.5832250594246772e-6;45.53931548456327
1.5833737950883352e-6;45.44688022302678
1.5835224056362027e-6;45.335305753695806
1.5836708910990882e-6;45.36040515438547
1.5838192515078513e-6;45.330599332841146
1.5839674868934057e-6;45.34609852342997
1.584115597286716e-6;45.38297185167974
1.5842635827188003e-6;45.37100971663824
1.5844114432207304e-6;45.268559871258745
1.5845591788236288e-6;45.24746532301446
1.5847067895586727e-6;45.13457328390572
1.5848542754570925e-6;44.989718321539875
1.5850016365501713e-6;44.95350040967403
1.5851488728692454e-6;44.89142532829006
1.585295984445705e-6;44.879298522318685
1.585442971310995e-6;44.94043222179929
1.5855898334966112e-6;44.79474534102625
1.5857365710341065e-6;44.76005132579179
1.5858831839550856e-6;44.72068637583486
1.5860296722912082e-6;44.54768661309849
1.5861760360741883e-6;44.43966678374579
1.5863222753357948e-6;44.35716988220835
1.5864683901078492e-6;44.34728541779758
1.5866143804222295e-6;44.32985316205376
1.5867602463108672e-6;44.26868959658986
1.58690598780575e-6;44.172391214673816
1.5870516049389195e-6;44.09476620806971
1.5871970977424722e-6;43.90917452497312
1.587342466248561e-6;43.79160426466545
1.5874877104893933e-6;43.75627040254021
1.5876328304972316e-6;43.62350507594848
1.5877778263043947e-6;43.4664631757689
1.587922697943257e-6;43.36979775200655
1.588067445446249e-6;43.23891208256881
1.5882120688458554e-6;43.167668701414314
1.5883565681746198e-6;42.98263432540114
1.58850094346514e-6;42.85264680481154
1.58864519475007e-6;42.74781122605907
1.5887893220621213e-6;42.57486579073881
1.5889333254340616e-6;42.41621180791424
1.5890772048987151e-6;42.2855433653901
1.5892209604889622e-6;42.229244665930835
1.5893645922377419e-6;42.11120541258049
1.5895081001780482e-6;41.981069988734006
1.5896514843429333e-6;41.833552702605125
1.5897947447655069e-6;41.691746197537434
1.5899378814789358e-6;41.499884564914765
1.5900808945164438e-6;41.392807327185245
1.5902237839113137e-6;41.19750623884584
1.5903665496968847e-6;41.1143055176598
1.5905091919065538e-6;40.9489019700665
1.5906517105737772e-6;40.882424335115715
1.5907941057320692e-6;40.74194530401819
1.590936377415e-6;40.66363202258494
1.5910785256562011e-6;40.50108962917868
1.5912205504893615e-6;40.33101936663848
1.5913624519482273e-6;40.19324037153691
1.5915042300666058e-6;40.09790719354298
1.591645884878361e-6;39.93876914941211
1.5917874164174179e-6;39.88870966064645
1.5919288247177585e-6;39.80321586008756
1.592070109813425e-6;39.71322245242813
1.5922112717385194e-6;39.595183769729985
1.5923523105272028e-6;39.50364854376123
1.5924932262136948e-6;39.365137424788934
1.5926340188322765e-6;39.275243408750285
1.592774688417288e-6;39.17085190640567
1.5929152350031286e-6;39.16295994563131
1.5930556586242585e-6;39.10784434792837
1.5931959593151982e-6;39.0444504107691
1.5933361371105282e-6;39.00421753457738
1.5934761920448893e-6;38.991088581933994
1.593616124152983e-6;38.87335930399167
1.5937559334695705e-6;38.881233072979086
1.5938956200294762e-6;38.85982811354973
1.5940351838675832e-6;38.842854623396754
1.594174625018836e-6;38.85078384149224
1.5943139435182414e-6;38.857568810692676
1.5944531394008652e-6;38.866035142867126
1.5945922127018378e-6;38.85869860903907
1.5947311634563481e-6;38.91370174696148
1.5948699916996476e-6;38.884603180353864
1.5950086974670507e-6;38.97627091290441
1.5951472807939316e-6;38.99984562549391
1.5952857417157293e-6;39.04823699800944
1.5954240802679423e-6;39.13866811896239
1.595562296486132e-6;38.99163641477219
1.5957003904059225e-6;39.37568038600383
