1.508551350241944e-6;45.4906459872272
1.5087554066771794e-6;45.37088362402535
1.5089593281001014e-6;45.487578285737044
1.509163114530234e-6;45.42663625238801
1.5093667659871016e-6;45.69584567429256
1.5095702824902312e-6;45.66142755514669
1.5097736640591501e-6;45.739154404215505
1.5099769107133864e-6;45.56181846652911
1.5101800224724715e-6;45.712661615009935
1.5103829993559366e-6;45.85449448985847
1.5105858413833165e-6;45.9148755973202
1.5107885485741454e-6;45.92265606512769
1.5109911209479626e-6;45.89826775750555
1.5111935585243066e-6;45.86159550294043
1.5113958613227206e-6;45.993699086977166
1.5115980293627476e-6;46.02027418020305
1.5118000626639354e-6;46.036314622515434
1.5120019612458334e-6;46.04679556724295
1.5122037251279936e-6;46.01505912563215
1.5124053543299713e-6;45.9035133323545
1.5126068488713244e-6;46.00243016285841
1.5128082087716143e-6;46.05175708427769
1.5130094340504043e-6;46.04085586881876
1.5132105247272634e-6;46.009728956867484
1.5134114808217616e-6;45.98352709869283
1.5136123023534748e-6;45.981336458132375
1.5138129893419809e-6;46.01777608130241
1.514013541806861e-6;45.99195076346369
1.5142139597677028e-6;45.94083019091813
1.514414243244096e-6;45.82654147104183
1.5146143922556343e-6;45.91643280638968
1.5148144068219172e-6;45.89547497461055
1.5150142869625473e-6;45.845347522078114
1.5152140326971327e-6;45.80696939712436
1.5154136440452854e-6;45.796807252147914
1.5156131210266225e-6;45.69888670658117
1.5158124636607657e-6;45.68225198809948
1.5160116719673428e-6;45.5905634671807
1.5162107459659853e-6;45.660366013245685
1.5164096856763303e-6;45.56591933954876
1.5166084911180218e-6;45.5026505244657
1.516807162310707e-6;45.403670202412584
1.5170056992740404e-6;45.40417075793183
1.5172041020276814e-6;45.235773971322544
1.517402370591296e-6;45.23824476777688
1.5176005049845553e-6;45.17644481165259
1.517798505227137e-6;45.087316694431436
1.5179963713387255e-6;44.99989334334184
1.5181941033390106e-6;44.915157709931975
1.5183917012476894e-6;44.829878565950466
1.518589165084465e-6;44.82187313544587
1.5187864948690472e-6;44.730195783660996
1.5189836906211537e-6;44.69365398766434
1.5191807523605074e-6;44.57866764258446
1.51937768010684e-6;44.54189113874769
1.519574473879889e-6;44.56441952101687
1.5197711336994007e-6;44.473906268035876
1.5199676595851273e-6;44.380199320463234
1.5201640515568293e-6;44.342015143775626
1.5203603096342754e-6;44.327609077429145
1.5205564338372405e-6;44.2620210284358
1.5207524241855103e-6;44.252569921617805
1.5209482806988747e-6;44.199392350776414
1.5211440033971352e-6;44.14254497113937
1.5213395923000995e-6;44.14572275617945
1.521535047427585e-6;44.09138161153864
1.5217303687994168e-6;44.09392030619153
1.5219255564354285e-6;44.04183498212663
1.5221206103554633e-6;44.07696757633897
1.5223155305793727e-6;44.05909570043918
1.5225103171270175e-6;44.00054211274874
1.5227049700182678e-6;44.02398958913232
1.5228994892730021e-6;44.04251988116905
1.523093874911109e-6;44.076118200259316
1.5232881269524869e-6;44.067955726682506
1.5234822454170426e-6;44.070848357577674
1.5236762303246943e-6;44.06965750758948
1.5238700816953689e-6;44.12981052757543
1.524063799549003e-6;44.13517695040015
1.5242573839055443e-6;44.1520713590843
1.5244508347849504e-6;44.159577458809906
1.5246441522071892e-6;44.15273909352888
1.5248373361922387e-6;44.195261955757694
1.525030386760088e-6;44.21949251062878
1.5252233039307367e-6;44.23868189753247
1.5254160877241952e-6;44.29203010413709
1.5256087381604852e-6;44.30607111301399
1.5258012552596385e-6;44.33273671091449
1.525993639041699e-6;44.29542347179434
1.5261858895267224e-6;44.323919847799246
1.5263780067347741e-6;44.334497937615964
1.5265699906859325e-6;44.388270387221674
1.5267618414002871e-6;44.37607887914937
1.5269535588979399e-6;44.324722120873226
1.5271451431990035e-6;44.34744502327412
1.5273365943236034e-6;44.34265430560305
1.5275279122918778e-6;44.373541278481746
1.527719097123976e-6;44.35334630618526
1.5279101488400604e-6;44.37940723145357
1.5281010674603054e-6;44.34904075551542
1.5282918530048993e-6;44.319424377714554
1.5284825054940407e-6;44.289281148933206
1.5286730249479445e-6;44.28150998744446
1.5288634113868357e-6;44.282968139828796
1.5290536648309535e-6;44.2380272480258
1.5292437853005506e-6;44.15774383209107
1.5294337728158929e-6;44.113671357427336
1.5296236273972601e-6;44.02536491803909
1.5298133490649435e-6;44.02054936016676
1.5300029378392516e-6;44.02398958913232
1.5301923937405042e-6;43.88580721974658
1.5303817167890355e-6;43.81548256191099
1.530570907005194e-6;43.73776051370321
1.5307599644093431e-6;43.69215857410143
1.5309488890218603e-6;43.60631275426735
1.5311376808631356e-6;43.49238662688127
1.5313263399535763e-6;43.36879815598422
1.5315148663136034e-6;43.26970450324921
1.531703259963652e-6;43.147517737150444
1.5318915209241727e-6;43.06639441024261
1.532079649215632e-6;42.8978955560691
1.5322676448585101e-6;42.76645593630876
1.5324555078733033e-6;42.60762844936168
1.5326432382805234e-6;42.50980807096349
1.5328308361006974e-6;42.36335685953907
1.533018301354368e-6;42.18771755960492
1.533205634062094e-6;42.062860444124325
1.53339283424445e-6;41.89406085529229
1.5335799019220263e-6;41.72223341427753
1.53376683711543e-6;41.58000429146473
1.533953639845284e-6;41.4491652709285
1.5341403101322265e-6;41.344321248958394
1.534326847996915e-6;41.17370741020906
1.5345132534600217e-6;41.012313867907
1.5346995265422352e-6;40.86146190685901
1.5348856672642625e-6;40.79759919660093
1.5350716756468259e-6;40.69260986284746
1.5352575517106664e-6;40.634084249759454
1.5354432954765413e-6;40.503024039624016
1.5356289069652252e-6;40.44853217267732
1.5358143861975106e-6;40.45049012988961
1.5359997331942073e-6;40.48674814992229
1.5361849479761436e-6;40.49218022670182
1.5363700305641643e-6;40.50650380863914
1.5365549809791339e-6;40.50495758883855
1.5367397992419324e-6;40.67925949681522
1.5369244853734609e-6;40.72102778885176
1.5371090393946375e-6;40.886675525424046
1.537293461326398e-6;40.95936102180786
1.5374777511896983e-6;41.09342269637973
1.5376619090055115e-6;41.23753668755842
1.5378459347948306e-6;41.443873741019374
1.5380298285786676e-6;41.5917603179347
1.5382135903780525e-6;41.825002473792
1.5383972202140353e-6;41.97556213153536
1.5385807181076851e-6;42.166144855012774
1.538764084080091e-6;42.37267189503993
1.5389473181523602e-6;42.549345890774404
1.5391304203456208e-6;42.7063226051252
1.5393133906810199e-6;42.94333933583456
1.5394962291797256e-6;43.04921161900892
1.5396789358629254e-6;43.28583449714202
1.539861510751826e-6;43.42225229360791
1.5400439538676556e-6;43.56885941165974
1.5402262652316624e-6;43.725806350309135
1.5404084448651159e-6;43.899984226073336
1.5405904927893044e-6;44.01486701774169
1.540772409025538e-6;44.14672578435721
1.5409541935951488e-6;44.3277694076486
1.5411358465194874e-6;44.446068278229774
1.5413173678199276e-6;44.54234895748265
1.5414987575178635e-6;44.64713045757064
1.5416800156347108e-6;44.8378692670438
1.5418611421919068e-6;44.92453062351789
1.54204213721091e-6;45.112414673058154
1.5422230007132003e-6;45.1077282100815
1.5424037327202815e-6;45.23421274372631
1.5425843332536763e-6;45.36949636360645
1.5427648023349315e-6;45.481805134080275
1.5429451399856158e-6;45.55179121698849
1.5431253462273196e-6;45.57013678556548
1.543305421081657e-6;45.67344026406238
1.5434853645702626e-6;45.71336086816895
1.5436651767147959e-6;45.78616291448745
1.5438448575369381e-6;45.80890777913335
1.544024407058393e-6;45.79715018389665
1.544203825300888e-6;45.78696500975596
1.5443831122861734e-6;45.81892794938618
1.5445622680360232e-6;45.81995143761074
1.544741292572235e-6;45.90641242012281
1.5449201859166286e-6;45.85832822475918
1.5450989480910493e-6;45.81596985000285
1.5452775791173635e-6;45.7591491025193
1.545456079017465e-6;45.777444902942726
1.545634447813269e-6;45.73718463077556
1.545812685526716e-6;45.67955162627534
1.5459907921797698e-6;45.64500361725166
1.5461687677944193e-6;45.492730787186005
1.5463466123926777e-6;45.464686296997485
1.5465243259965836e-6;45.38699379542407
1.546701908628199e-6;45.38397768685742
1.5468793603096113e-6;45.22652853412771
1.5470566810629336e-6;45.1215053692203
1.547233870910302e-6;44.93555634296779
1.5474109298738813e-6;44.84071952954621
1.5475878579758583e-6;44.75322450766689
1.5477646552384468e-6;44.64325575532697
1.5479413216838863e-6;44.50048855482191
1.5481178573344411e-6;44.37417581766819
1.5482942622124024e-6;44.16906659932426
1.5484705363400864e-6;44.02295780655316
1.5486466797398364e-6;43.92626616474039
1.5488226924340212e-6;43.7845241147875
1.5489985744450356e-6;43.586010159430195
1.549174325795302e-6;43.35999177608131
1.5493499465072675e-6;43.1624300517489
1.5495254366034086e-6;42.97300812771479
1.5497007961062248e-6;42.871071991552085
1.5498760250382466e-6;42.59211493228929
1.5500511234220287e-6;42.35275876687052
1.5502260912801543e-6;42.0682587603185
1.550400928635233e-6;41.828994675482605
1.5505756355099025e-6;41.5944687338747
1.5507502119268287e-6;41.42326883154263
1.5509246579087025e-6;41.09308505246749
1.5510989734782452e-6;40.82857148596409
1.5512731586582055e-6;40.47703108134304
1.5514472134713585e-6;40.278794092072076
1.55162113794051e-6;40.08855563996213
1.5517949320884916e-6;39.84752278115414
1.551968595938165e-6;39.533246963891855
1.552142129512419e-6;39.25105726809664
1.5523155328341726e-6;39.043909200123615
1.5524888059263717e-6;38.85248107781386
1.552661948811992e-6;38.64866914328526
1.5528349615140398e-6;38.46337112129805
1.5530078440555468e-6;38.256208250035
1.5531805964595773e-6;38.128465369670714
1.5533532187492226e-6;37.95741020869244
1.5535257109476055e-6;37.9546289439038
1.5536980730778766e-6;37.91269480910269
1.5538703051632173e-6;37.88380515319563
1.554042407226838e-6;37.87602146182338
1.55421437929198e-6;37.91058743591825
1.5543862213819142e-6;37.95114985630364
1.5545579335199415e-6;38.13314058945835
1.5547295157293927e-6;38.26269219393726
1.5549009680336306e-6;38.36450713720155
1.5550722904560464e-6;38.472641017707645
1.5552434830200637e-6;38.73959654743353
1.555414545749136e-6;38.943714538562375
1.5555854786667486e-6;39.150831016512
1.5557562817964163e-6;39.30999941956152
1.5559269551616864e-6;39.525502938982015
1.5560974987861375e-6;39.67828679330155
1.5562679126933777e-6;39.9370069482035
1.556438196907049e-6;40.14772474073064
1.5566083514508244e-6;40.41905639223649
1.5567783763484073e-6;40.54881054862772
1.5569482716235346e-6;40.75473964588946
1.5571180372999746e-6;40.91350352313579
1.5572876734015277e-6;41.176026916900845
1.5574571799520258e-6;41.3795512353236
1.5576265569753346e-6;41.57849480452902
1.5577958044953514e-6;41.66844375831949
1.5579649225360064e-6;41.799537296315485
1.5581339111212615e-6;41.96563035148052
1.558302770275114e-6;42.20395778231595
1.558471500021591e-6;42.350231594952234
1.558640100384755e-6;42.534107047903674
1.5588085713887e-6;42.57438566859814
1.5589769130575549e-6;42.65006605660587
1.5591451254154812e-6;42.75679830102703
1.5593132084866743e-6;42.88428094800999
1.5594811622953628e-6;43.061032087275855
1.5596489868658094e-6;43.148779915358126
1.559816682222311e-6;43.17833599243589
1.5599842483891978e-6;43.209144530455745
1.560151685390835e-6;43.295199121858715
1.5603189932516225e-6;43.416916615730926
1.5604861719959922e-6;43.5073245171613
1.5606532216484136e-6;43.61406717059338
1.5608201422333889e-6;43.58524934046989
1.5609869337754558e-6;43.57896749322294
1.5611535962991862e-6;43.59721678483211
1.5613201298291886e-6;43.6726271478424
1.5614865343901047e-6;43.71843355366697
1.5616528100066131e-6;43.771787129902435
1.5618189567034259e-6;43.733901996274696
1.561984974505293e-6;43.71363451517044
1.5621508634369983e-6;43.69957607346053
1.5623166235233619e-6;43.66049209800235
1.5624822547892395e-6;43.709015048677685
1.5626477572595237e-6;43.742899876753114
1.562813130959142e-6;43.732247295944745
1.5629783759130595e-6;43.68621543965493
1.5631434921462755e-6;43.554515201265176
1.5633084796838284e-6;43.49724222634397
1.563473338550791e-6;43.50441856535062
1.5636380687722742e-6;43.53531559077762
1.5638026703734252e-6;43.52915374553853
1.5639671433794279e-6;43.4183005692051
1.5641314878155046e-6;43.273793712928494
1.564295703706912e-6;43.17666442356501
1.5644597910789477e-6;43.11266330288116
1.5646237499569438e-6;43.062963286367506
1.5647875803662717e-6;43.00638954635399
1.564951282332339e-6;42.88428094800999
1.5651148558805929e-6;42.720505749886115
1.5652783010365177e-6;42.55706582582625
1.5654416178256345e-6;42.428891221893544
1.565604806273505e-6;42.29784197840634
1.5657678664057269e-6;42.186667714958716
1.565930798247938e-6;42.067179633758336
1.5660936018258132e-6;41.87492518980426
1.5662562771650673e-6;41.71023995785723
1.5664188242914533e-6;41.43639235274543
1.5665812432307625e-6;41.25578849002185
1.5667435340088268e-6;41.04248046990445
1.5669056966515154e-6;40.90258052931317
1.567067731184738e-6;40.71292733834574
1.5672296376344438e-6;40.50689027758881
1.5673914160266201e-6;40.189500215009744
1.5675530663872946e-6;39.89894563718773
1.5677145887425362e-6;39.5970902424643
1.5678759831184509e-6;39.37969002951453
1.5680372495411858e-6;39.11210893137553
1.5681983880369302e-6;38.84851982745998
1.5683593986319099e-6;38.51625203153309
1.5685202813523937e-6;38.1544491624435
1.5686810362246905e-6;37.695988483874466
1.5688416632751484e-6;37.314275870509476
1.569002162530158e-6;36.98448538015329
1.5691625340161495e-6;36.56864491548917
1.5693227777595943e-6;36.12253906096437
1.5694828937870055e-6;35.71941635074462
1.5696428821249366e-6;35.28788191774896
1.5698027427999824e-6;34.78277831919605
1.5699624758387796e-6;34.294292643817876
1.5701220812680067e-6;33.75297738217339
1.5702815591143833e-6;33.106933123433606
1.5704409094046705e-6;32.746196190912386
1.5706001321656721e-6;32.22976449893392
1.5707592274242336e-6;31.489109931093566
1.5709181952072424e-6;30.97604328874411
1.5710770355416285e-6;30.28977705208778
1.5712357484543643e-6;30.090257420869104
1.5713943339724647e-6;30.068937079479007
1.5715527921229866e-6;30.16197353512439
1.5717111229330316e-6;29.003671286564703
1.5718693264297412e-6;29.740509027928773
1.5720274026403025e-6;29.175055095525465
1.5721853515919444e-6;30.136796972911924
1.5723431733119393e-6;30.253058652647702
1.572500867827603e-6;30.780941504064106
1.5726584351662955e-6;31.19915410257991
1.5728158753554185e-6;31.737688231366498
1.57297318842242e-6;32.29169702539101
1.5731303743947892e-6;32.97760511099134
1.5732874333000617e-6;33.5276119172383
1.5734443651658151e-6;34.07900540142635
1.573601170019673e-6;34.55453968778628
1.5737578478893024e-6;35.092025223311026
1.573914398802414e-6;35.45554507234065
1.574070822786765e-6;36.062738531699885
1.5742271198701552e-6;36.57629431388952
1.574383290080431e-6;37.04750904290671
1.5745393334454828e-6;37.451528950769
1.5746952499932465e-6;37.84759894664005
1.5748510397517025e-6;38.17697554763024
1.5750067027488768e-6;38.518085142282374
1.5751622390128407e-6;38.94316062684438
1.575317648571712e-6;39.238654751855016
1.5754729314536534e-6;39.661417327390325
1.575628087686873e-6;39.92950960570446
1.5757831172996249e-6;40.30923399627219
1.5759380203202105e-6;40.64045962864483
1.5760927967769759e-6;40.905754552222014
1.5762474466983137e-6;41.07209969647869
1.5764019701126632e-6;41.31297796597623
1.5765563670485107e-6;41.51461787124332
1.5767106375343878e-6;41.73506770208104
1.5768647815988745e-6;41.97501096143259
1.5770187992705961e-6;42.1900787825689
1.5771726905782257e-6;42.44697601296708
1.577326455550484e-6;42.69302750869342
1.5774800942161371e-6;42.79142006491639
1.5776336066040009e-6;43.00573746885434
1.577786992742937e-6;43.147096929551736
1.5779402526618553e-6;43.26069466588894
1.5780933863897136e-6;43.37399354471898
1.5782463939555163e-6;43.514870904497116
1.5783992753883176e-6;43.7032800777951
1.5785520307172189e-6;43.91570195418217
1.5787046599713692e-6;44.053805149067166
1.5788571631799665e-6;44.191789385610576
1.5790095403722567e-6;44.249469391621126
1.5791617915775361e-6;44.26283481688779
1.5793139168251472e-6;44.3341777677003
1.5794659161444825e-6;44.4345074988354
1.5796177895649836e-6;44.58758679375432
1.5797695371161405e-6;44.69895618975018
1.5799211588274927e-6;44.80222598584475
1.5800726547286296e-6;44.904501203560194
1.5802240248491893e-6;44.97648266994226
1.5803752692188588e-6;45.03559179165323
1.5805263878673762e-6;45.056789524415564
1.5806773808245288e-6;45.05746723064465
1.5808282481201533e-6;45.09215967772565
1.580978989784137e-6;45.08933526050033
1.5811296058464166e-6;45.16006230386048
1.5812800963369813e-6;45.31082762034163
1.581430461285867e-6;45.385360329967355
1.5815807007231627e-6;45.49518221241424
1.5817308146790074e-6;45.47491645086666
1.5818808031835918e-6;45.48954186430289
1.5820306662671552e-6;45.42626277818052
1.5821804039599893e-6;45.34609852342997
1.5823300162924382e-6;45.44328542897666
1.582479503294894e-6;45.41666593247185
1.582628864997803e-6;45.47614737452407
1.5827781014316613e-6;45.503017487370826
1.582927212627018e-6;45.49358894342465
1.5830761986144724e-6;45.48303410709743
1.5832250594246772e-6;45.526195529397626
1.5833737950883352e-6;45.433726166886245
1.5835224056362027e-6;45.32958105738067
1.5836708910990882e-6;45.34495702835539
1.5838192515078513e-6;45.325887806135356
1.5839674868934057e-6;45.34178463357085
1.584115597286716e-6;45.38108528260863
1.5842635827188003e-6;45.37302670071283
1.5844114432207304e-6;45.27913324054899
1.5845591788236288e-6;45.24642736529577
1.5847067895586727e-6;45.143750630327105
1.5848542754570925e-6;45.02413462710515
1.5850016365501713e-6;44.98902995951865
1.5851488728692454e-6;44.91823761419421
1.585295984445705e-6;44.90506272469347
1.585442971310995e-6;44.94627605962076
1.5855898334966112e-6;44.81643246275584
1.5857365710341065e-6;44.7845105314715
1.5858831839550856e-6;44.738517701548155
1.5860296722912082e-6;44.589247662340945
1.5861760360741883e-6;44.47545621267011
1.5863222753357948e-6;44.39364277735001
1.5864683901078492e-6;44.383366232638444
1.5866143804222295e-6;44.366873013575905
1.5867602463108672e-6;44.306554476996645
1.58690598780575e-6;44.21538119690085
1.5870516049389195e-6;44.12645314283164
1.5871970977424722e-6;43.95239001081552
1.587342466248561e-6;43.83869200802545
1.5874877104893933e-6;43.78888249590414
1.5876328304972316e-6;43.664789916085944
1.5877778263043947e-6;43.513130593987334
1.587922697943257e-6;43.41632335778054
1.588067445446249e-6;43.291130026818195
1.5882120688458554e-6;43.21805483857539
1.5883565681746198e-6;43.04942682402465
1.58850094346514e-6;42.91280028591798
1.58864519475007e-6;42.8048731376183
1.5887893220621213e-6;42.631150761813416
1.5889333254340616e-6;42.477523824974696
1.5890772048987151e-6;42.33960138494771
1.5892209604889622e-6;42.28887768019422
1.5893645922377419e-6;42.17299658976496
1.5895081001780482e-6;42.04038544805531
1.5896514843429333e-6;41.89658721049207
1.5897947447655069e-6;41.743215272640406
1.5899378814789358e-6;41.58090973185559
1.5900808945164438e-6;41.45072037704998
1.5902237839113137e-6;41.26326260094941
1.5903665496968847e-6;41.180993120779945
1.5905091919065538e-6;41.01437735138849
1.5906517105737772e-6;40.93281567567246
1.5907941057320692e-6;40.81851171517454
1.590936377415e-6;40.73168262265102
1.5910785256562011e-6;40.55378331375
1.5912205504893615e-6;40.41826762637544
1.5913624519482273e-6;40.248139326293106
1.5915042300666058e-6;40.14268457209643
1.591645884878361e-6;40.005208409361856
1.5917874164174179e-6;39.928626713890274
1.5919288247177585e-6;39.86861270290045
1.592070109813425e-6;39.765333803919376
1.5922112717385194e-6;39.64023792840034
1.5923523105272028e-6;39.55062069675032
1.5924932262136948e-6;39.37818684698356
1.5926340188322765e-6;39.32778070060551
1.592774688417288e-6;39.210618907902784
1.5929152350031286e-6;39.201755220100225
1.5930556586242585e-6;39.109444057499786
1.5931959593151982e-6;39.08806599405674
1.5933361371105282e-6;39.01403826825252
1.5934761920448893e-6;38.96966901933155
1.593616124152983e-6;38.89077492650064
1.5937559334695705e-6;38.8879706745668
1.5938956200294762e-6;38.88067113407437
1.5940351838675832e-6;38.813846567705724
1.594174625018836e-6;38.81726935376418
1.5943139435182414e-6;38.79439965995217
1.5944531394008652e-6;38.808135922807914
1.5945922127018378e-6;38.85813374660489
1.5947311634563481e-6;38.90476908960171
1.5948699916996476e-6;38.885164610749456
1.5950086974670507e-6;38.88853166982936
1.5951472807939316e-6;38.92984550710717
1.5952857417157293e-6;39.022205282793145
1.5954240802679423e-6;39.061733636440486
1.595562296486132e-6;38.96250562461638
1.5957003904059225e-6;39.3641319971148
